5abb4383c1cb613f676fd61a,5ab6ac60c1cb6105684ae38a,22697.0
5abb4383c1cb613f676fd61a,5ab9e3dc5e27e54c98ae5fa0,31339.0
5abb4383c1cb613f676fd61a,5abb40045e27e519fee76259,6234.0
5abb4383c1cb613f676fd61a,5ab27513c1cb61378a86ba3b,16699.0
5abb4383c1cb613f676fd61a,5ab30a66c1cb61378a86c0e7,38563.0
5abb4383c1cb613f676fd61a,5ab5cd63c1cb617b04d57384,33585.0
5abb4383c1cb613f676fd61a,5aba96ee5e27e54c98ae6271,16308.0
5abb4383c1cb613f676fd61a,5ab6ab0fc1cb6105684ae378,23833.0
5abb4383c1cb613f676fd61a,5ab586fac1cb617b04d571e7,19758.0
5abb4383c1cb613f676fd61a,5ab9da18c1cb611355031f8f,39613.0
5abb4383c1cb613f676fd61a,5ab22c855e27e5186df199c5,9678.0
5abb4383c1cb613f676fd61a,5ab853ffc1cb611355030410,32752.0
5abb4383c1cb613f676fd61a,5ab6d13cc1cb6105684ae574,24535.0
5abb4383c1cb613f676fd61a,5abaedf75e27e54c98ae6649,23030.0
5abb4383c1cb613f676fd61a,5abadb2a5e27e54c98ae64f0,70734.0
5abb4383c1cb613f676fd61a,5abab3ab5e27e54c98ae637b,21741.0
5abb4383c1cb613f676fd61a,5aaf9f97c1cb611ae59db94f,10415.0
5abb4383c1cb613f676fd61a,5ab31906c1cb61378a86c58c,33578.0
5abb4383c1cb613f676fd61a,5ab6f34c5e27e5602b7fd6b4,21347.0
5abb4383c1cb613f676fd61a,5ab6051c5e27e56ec5f67374,29280.0
5abb4383c1cb613f676fd61a,5ab35bd4c1cb61378a86dc04,27157.0
5abb4383c1cb613f676fd61a,5abae8265e27e54c98ae65c5,75678.0
5abb4383c1cb613f676fd61a,5ab94af85e27e54c98ae576e,23227.0
5abb4383c1cb613f676fd61a,5aacfc085e27e57d07dc7c6e,14269.0
5abb4383c1cb613f676fd61a,5ab89e0dc1cb611355030e24,76735.0
5abb4383c1cb613f676fd61a,5ab26f3dc1cb61378a86b9d1,13761.0
5abb4383c1cb613f676fd61a,5ab80e505e27e54c98ae3da5,23266.0
5abb4383c1cb613f676fd61a,5ab462a15e27e565e8466695,35590.0
5abb4383c1cb613f676fd61a,5ab213705e27e5186df19025,45184.0
5abb4383c1cb613f676fd61a,5c3efc205e27e53fb0c06dab,41294.0
5abb4383c1cb613f676fd61a,5adedf3f5e27e51c0e794115,5904.0
5abb4383c1cb613f676fd61a,5abde34ac1cb6132bc75d1e8,50271.0
5abb4383c1cb613f676fd61a,5adeda845e27e51c0e793fe7,12090.0
5abb4383c1cb613f676fd61a,5ad1cf955e27e54ba6c14d7e,33137.0
5abb40045e27e519fee76259,5abb4383c1cb613f676fd61a,6001.0
5abb40045e27e519fee76259,5ab6ac60c1cb6105684ae38a,19320.0
5abb40045e27e519fee76259,5ab9e3dc5e27e54c98ae5fa0,27445.0
5abb40045e27e519fee76259,5ab27513c1cb61378a86ba3b,16390.0
5abb40045e27e519fee76259,5ab30a66c1cb61378a86c0e7,39656.0
5abb40045e27e519fee76259,5ab5cd63c1cb617b04d57384,33521.0
5abb40045e27e519fee76259,5aba96ee5e27e54c98ae6271,13819.0
5abb40045e27e519fee76259,5ab6ab0fc1cb6105684ae378,22924.0
5abb40045e27e519fee76259,5ab586fac1cb617b04d571e7,18849.0
5abb40045e27e519fee76259,5ab9da18c1cb611355031f8f,38746.0
5abb40045e27e519fee76259,5ab22c855e27e5186df199c5,9554.0
5abb40045e27e519fee76259,5ab853ffc1cb611355030410,32780.0
5abb40045e27e519fee76259,5ab6d13cc1cb6105684ae574,23627.0
5abb40045e27e519fee76259,5abaedf75e27e54c98ae6649,22966.0
5abb40045e27e519fee76259,5abadb2a5e27e54c98ae64f0,70651.0
5abb40045e27e519fee76259,5abab3ab5e27e54c98ae637b,17848.0
5abb40045e27e519fee76259,5aaf9f97c1cb611ae59db94f,10525.0
5abb40045e27e519fee76259,5ab31906c1cb61378a86c58c,33681.0
5abb40045e27e519fee76259,5ab6f34c5e27e5602b7fd6b4,20438.0
5abb40045e27e519fee76259,5ab6051c5e27e56ec5f67374,29216.0
5abb40045e27e519fee76259,5ab35bd4c1cb61378a86dc04,27093.0
5abb40045e27e519fee76259,5abae8265e27e54c98ae65c5,73972.0
5abb40045e27e519fee76259,5ab94af85e27e54c98ae576e,19333.0
5abb40045e27e519fee76259,5aacfc085e27e57d07dc7c6e,13958.0
5abb40045e27e519fee76259,5ab89e0dc1cb611355030e24,77572.0
5abb40045e27e519fee76259,5ab26f3dc1cb61378a86b9d1,13608.0
5abb40045e27e519fee76259,5ab80e505e27e54c98ae3da5,20315.0
5abb40045e27e519fee76259,5ab462a15e27e565e8466695,36342.0
5abb40045e27e519fee76259,5ab213705e27e5186df19025,45119.0
5abb40045e27e519fee76259,5c3efc205e27e53fb0c06dab,37126.0
5abb40045e27e519fee76259,5adedf3f5e27e51c0e794115,6208.0
5abb40045e27e519fee76259,5abde34ac1cb6132bc75d1e8,49363.0
5abb40045e27e519fee76259,5adeda845e27e51c0e793fe7,12025.0
5abb40045e27e519fee76259,5ad1cf955e27e54ba6c14d7e,32985.0
5ab6ac60c1cb6105684ae38a,5abb4383c1cb613f676fd61a,23506.0
5ab6ac60c1cb6105684ae38a,5ab9e3dc5e27e54c98ae5fa0,10370.0
5ab6ac60c1cb6105684ae38a,5abb40045e27e519fee76259,19469.0
5ab6ac60c1cb6105684ae38a,5ab27513c1cb61378a86ba3b,30307.0
5ab6ac60c1cb6105684ae38a,5ab30a66c1cb61378a86c0e7,24247.0
5ab6ac60c1cb6105684ae38a,5ab5cd63c1cb617b04d57384,26053.0
5ab6ac60c1cb6105684ae38a,5aba96ee5e27e54c98ae6271,7280.0
5ab6ac60c1cb6105684ae38a,5ab6ab0fc1cb6105684ae378,8246.0
5ab6ac60c1cb6105684ae38a,5ab586fac1cb617b04d571e7,10165.0
5ab6ac60c1cb6105684ae38a,5ab9da18c1cb611355031f8f,21541.0
5ab6ac60c1cb6105684ae38a,5ab22c855e27e5186df199c5,17549.0
5ab6ac60c1cb6105684ae38a,5ab853ffc1cb611355030410,24380.0
5ab6ac60c1cb6105684ae38a,5ab6d13cc1cb6105684ae574,8210.0
5ab6ac60c1cb6105684ae38a,5abaedf75e27e54c98ae6649,29033.0
5ab6ac60c1cb6105684ae38a,5abadb2a5e27e54c98ae64f0,62568.0
5ab6ac60c1cb6105684ae38a,5abab3ab5e27e54c98ae637b,2103.0
5ab6ac60c1cb6105684ae38a,5aaf9f97c1cb611ae59db94f,22586.0
5ab6ac60c1cb6105684ae38a,5ab31906c1cb61378a86c58c,25773.0
5ab6ac60c1cb6105684ae38a,5ab6f34c5e27e5602b7fd6b4,8439.0
5ab6ac60c1cb6105684ae38a,5ab6051c5e27e56ec5f67374,24025.0
5ab6ac60c1cb6105684ae38a,5ab35bd4c1cb61378a86dc04,26777.0
5ab6ac60c1cb6105684ae38a,5abae8265e27e54c98ae65c5,65889.0
5ab6ac60c1cb6105684ae38a,5ab94af85e27e54c98ae576e,2258.0
5ab6ac60c1cb6105684ae38a,5aacfc085e27e57d07dc7c6e,26617.0
5ab6ac60c1cb6105684ae38a,5ab89e0dc1cb611355030e24,69489.0
5ab6ac60c1cb6105684ae38a,5ab26f3dc1cb61378a86b9d1,12778.0
5ab6ac60c1cb6105684ae38a,5ab80e505e27e54c98ae3da5,8596.0
5ab6ac60c1cb6105684ae38a,5ab462a15e27e565e8466695,25922.0
5ab6ac60c1cb6105684ae38a,5ab213705e27e5186df19025,36856.0
5ab6ac60c1cb6105684ae38a,5c3efc205e27e53fb0c06dab,32746.0
5ab6ac60c1cb6105684ae38a,5adedf3f5e27e51c0e794115,21524.0
5ab6ac60c1cb6105684ae38a,5abde34ac1cb6132bc75d1e8,33946.0
5ab6ac60c1cb6105684ae38a,5adeda845e27e51c0e793fe7,26030.0
5ab6ac60c1cb6105684ae38a,5ad1cf955e27e54ba6c14d7e,22481.0
5ab9e3dc5e27e54c98ae5fa0,5abb4383c1cb613f676fd61a,32054.0
5ab9e3dc5e27e54c98ae5fa0,5ab6ac60c1cb6105684ae38a,9864.0
5ab9e3dc5e27e54c98ae5fa0,5abb40045e27e519fee76259,27419.0
5ab9e3dc5e27e54c98ae5fa0,5ab27513c1cb61378a86ba3b,39796.0
5ab9e3dc5e27e54c98ae5fa0,5ab30a66c1cb61378a86c0e7,20610.0
5ab9e3dc5e27e54c98ae5fa0,5ab5cd63c1cb617b04d57384,29844.0
5ab9e3dc5e27e54c98ae5fa0,5aba96ee5e27e54c98ae6271,15230.0
5ab9e3dc5e27e54c98ae5fa0,5ab6ab0fc1cb6105684ae378,12597.0
5ab9e3dc5e27e54c98ae5fa0,5ab586fac1cb617b04d571e7,14516.0
5ab9e3dc5e27e54c98ae5fa0,5ab9da18c1cb611355031f8f,11443.0
5ab9e3dc5e27e54c98ae5fa0,5ab22c855e27e5186df199c5,26472.0
5ab9e3dc5e27e54c98ae5fa0,5ab853ffc1cb611355030410,28665.0
5ab9e3dc5e27e54c98ae5fa0,5ab6d13cc1cb6105684ae574,15322.0
5ab9e3dc5e27e54c98ae5fa0,5abaedf75e27e54c98ae6649,34107.0
5ab9e3dc5e27e54c98ae5fa0,5abadb2a5e27e54c98ae64f0,58108.0
5ab9e3dc5e27e54c98ae5fa0,5abab3ab5e27e54c98ae637b,10603.0
5ab9e3dc5e27e54c98ae5fa0,5aaf9f97c1cb611ae59db94f,31509.0
5ab9e3dc5e27e54c98ae5fa0,5ab31906c1cb61378a86c58c,29771.0
5ab9e3dc5e27e54c98ae5fa0,5ab6f34c5e27e5602b7fd6b4,12790.0
5ab9e3dc5e27e54c98ae5fa0,5ab6051c5e27e56ec5f67374,29099.0
5ab9e3dc5e27e54c98ae5fa0,5ab35bd4c1cb61378a86dc04,31851.0
5ab9e3dc5e27e54c98ae5fa0,5abae8265e27e54c98ae65c5,62231.0
5ab9e3dc5e27e54c98ae5fa0,5ab94af85e27e54c98ae576e,9149.0
5ab9e3dc5e27e54c98ae5fa0,5aacfc085e27e57d07dc7c6e,35540.0
5ab9e3dc5e27e54c98ae5fa0,5ab89e0dc1cb611355030e24,64109.0
5ab9e3dc5e27e54c98ae5fa0,5ab26f3dc1cb61378a86b9d1,21701.0
5ab9e3dc5e27e54c98ae5fa0,5ab80e505e27e54c98ae3da5,15951.0
5ab9e3dc5e27e54c98ae5fa0,5ab462a15e27e565e8466695,28507.0
5ab9e3dc5e27e54c98ae5fa0,5ab213705e27e5186df19025,36665.0
5ab9e3dc5e27e54c98ae5fa0,5c3efc205e27e53fb0c06dab,40101.0
5ab9e3dc5e27e54c98ae5fa0,5adedf3f5e27e51c0e794115,30161.0
5ab9e3dc5e27e54c98ae5fa0,5abde34ac1cb6132bc75d1e8,26014.0
5ab9e3dc5e27e54c98ae5fa0,5adeda845e27e51c0e793fe7,34578.0
5ab9e3dc5e27e54c98ae5fa0,5ad1cf955e27e54ba6c14d7e,25991.0
5ab27513c1cb61378a86ba3b,5abb4383c1cb613f676fd61a,17185.0
5ab27513c1cb61378a86ba3b,5ab6ac60c1cb6105684ae38a,30114.0
5ab27513c1cb61378a86ba3b,5ab9e3dc5e27e54c98ae5fa0,39220.0
5ab27513c1cb61378a86ba3b,5abb40045e27e519fee76259,17760.0
5ab27513c1cb61378a86ba3b,5ab30a66c1cb61378a86c0e7,32761.0
5ab27513c1cb61378a86ba3b,5ab5cd63c1cb617b04d57384,22894.0
5ab27513c1cb61378a86ba3b,5aba96ee5e27e54c98ae6271,24893.0
5ab27513c1cb61378a86ba3b,5ab6ab0fc1cb6105684ae378,28963.0
5ab27513c1cb61378a86ba3b,5ab586fac1cb617b04d571e7,24888.0
5ab27513c1cb61378a86ba3b,5ab9da18c1cb611355031f8f,44785.0
5ab27513c1cb61378a86ba3b,5ab22c855e27e5186df199c5,13610.0
5ab27513c1cb61378a86ba3b,5ab853ffc1cb611355030410,22522.0
5ab27513c1cb61378a86ba3b,5ab6d13cc1cb6105684ae574,29666.0
5ab27513c1cb61378a86ba3b,5abaedf75e27e54c98ae6649,13756.0
5ab27513c1cb61378a86ba3b,5abadb2a5e27e54c98ae64f0,60024.0
5ab27513c1cb61378a86ba3b,5abab3ab5e27e54c98ae637b,30314.0
5ab27513c1cb61378a86ba3b,5aaf9f97c1cb611ae59db94f,9165.0
5ab27513c1cb61378a86ba3b,5ab31906c1cb61378a86c58c,23054.0
5ab27513c1cb61378a86ba3b,5ab6f34c5e27e5602b7fd6b4,26477.0
5ab27513c1cb61378a86ba3b,5ab6051c5e27e56ec5f67374,18958.0
5ab27513c1cb61378a86ba3b,5ab35bd4c1cb61378a86dc04,16835.0
5ab27513c1cb61378a86ba3b,5abae8265e27e54c98ae65c5,63345.0
5ab27513c1cb61378a86ba3b,5ab94af85e27e54c98ae576e,31799.0
5ab27513c1cb61378a86ba3b,5aacfc085e27e57d07dc7c6e,4025.0
5ab27513c1cb61378a86ba3b,5ab89e0dc1cb611355030e24,66945.0
5ab27513c1cb61378a86ba3b,5ab26f3dc1cb61378a86b9d1,18535.0
5ab27513c1cb61378a86ba3b,5ab80e505e27e54c98ae3da5,32919.0
5ab27513c1cb61378a86ba3b,5ab462a15e27e565e8466695,25152.0
5ab27513c1cb61378a86ba3b,5ab213705e27e5186df19025,34492.0
5ab27513c1cb61378a86ba3b,5c3efc205e27e53fb0c06dab,50986.0
5ab27513c1cb61378a86ba3b,5adedf3f5e27e51c0e794115,11794.0
5ab27513c1cb61378a86ba3b,5abde34ac1cb6132bc75d1e8,50392.0
5ab27513c1cb61378a86ba3b,5adeda845e27e51c0e793fe7,8814.0
5ab27513c1cb61378a86ba3b,5ad1cf955e27e54ba6c14d7e,26011.0
5ab30a66c1cb61378a86c0e7,5abb4383c1cb613f676fd61a,41994.0
5ab30a66c1cb61378a86c0e7,5ab6ac60c1cb6105684ae38a,27196.0
5ab30a66c1cb61378a86c0e7,5ab9e3dc5e27e54c98ae5fa0,20610.0
5ab30a66c1cb61378a86c0e7,5abb40045e27e519fee76259,41785.0
5ab30a66c1cb61378a86c0e7,5ab27513c1cb61378a86ba3b,32835.0
5ab30a66c1cb61378a86c0e7,5ab5cd63c1cb617b04d57384,12994.0
5ab30a66c1cb61378a86c0e7,5aba96ee5e27e54c98ae6271,32543.0
5ab30a66c1cb61378a86c0e7,5ab6ab0fc1cb6105684ae378,21004.0
5ab30a66c1cb61378a86c0e7,5ab586fac1cb617b04d571e7,25276.0
5ab30a66c1cb61378a86c0e7,5ab9da18c1cb611355031f8f,19313.0
5ab30a66c1cb61378a86c0e7,5ab22c855e27e5186df199c5,34162.0
5ab30a66c1cb61378a86c0e7,5ab853ffc1cb611355030410,11781.0
5ab30a66c1cb61378a86c0e7,5ab6d13cc1cb6105684ae574,22484.0
5ab30a66c1cb61378a86c0e7,5abaedf75e27e54c98ae6649,21990.0
5ab30a66c1cb61378a86c0e7,5abadb2a5e27e54c98ae64f0,40201.0
5ab30a66c1cb61378a86c0e7,5abab3ab5e27e54c98ae637b,28774.0
5ab30a66c1cb61378a86c0e7,5aaf9f97c1cb611ae59db94f,33660.0
5ab30a66c1cb61378a86c0e7,5ab31906c1cb61378a86c58c,12699.0
5ab30a66c1cb61378a86c0e7,5ab6f34c5e27e5602b7fd6b4,24760.0
5ab30a66c1cb61378a86c0e7,5ab6051c5e27e56ec5f67374,15056.0
5ab30a66c1cb61378a86c0e7,5ab35bd4c1cb61378a86dc04,17207.0
5ab30a66c1cb61378a86c0e7,5abae8265e27e54c98ae65c5,43522.0
5ab30a66c1cb61378a86c0e7,5ab94af85e27e54c98ae576e,29119.0
5ab30a66c1cb61378a86c0e7,5aacfc085e27e57d07dc7c6e,30922.0
5ab30a66c1cb61378a86c0e7,5ab89e0dc1cb611355030e24,47122.0
5ab30a66c1cb61378a86c0e7,5ab26f3dc1cb61378a86b9d1,28527.0
5ab30a66c1cb61378a86c0e7,5ab80e505e27e54c98ae3da5,35267.0
5ab30a66c1cb61378a86c0e7,5ab462a15e27e565e8466695,11606.0
5ab30a66c1cb61378a86c0e7,5ab213705e27e5186df19025,17624.0
5ab30a66c1cb61378a86c0e7,5c3efc205e27e53fb0c06dab,59417.0
5ab30a66c1cb61378a86c0e7,5adedf3f5e27e51c0e794115,38137.0
5ab30a66c1cb61378a86c0e7,5abde34ac1cb6132bc75d1e8,21122.0
5ab30a66c1cb61378a86c0e7,5adeda845e27e51c0e793fe7,34968.0
5ab30a66c1cb61378a86c0e7,5ad1cf955e27e54ba6c14d7e,9141.0
5ab5cd63c1cb617b04d57384,5abb4383c1cb613f676fd61a,33706.0
5ab5cd63c1cb617b04d57384,5ab6ac60c1cb6105684ae38a,26088.0
5ab5cd63c1cb617b04d57384,5ab9e3dc5e27e54c98ae5fa0,30934.0
5ab5cd63c1cb617b04d57384,5abb40045e27e519fee76259,34978.0
5ab5cd63c1cb617b04d57384,5ab27513c1cb61378a86ba3b,22691.0
5ab5cd63c1cb617b04d57384,5ab30a66c1cb61378a86c0e7,14100.0
5ab5cd63c1cb617b04d57384,5aba96ee5e27e54c98ae6271,31079.0
5ab5cd63c1cb617b04d57384,5ab6ab0fc1cb6105684ae378,18757.0
5ab5cd63c1cb617b04d57384,5ab586fac1cb617b04d571e7,23804.0
5ab5cd63c1cb617b04d57384,5ab9da18c1cb611355031f8f,29637.0
5ab5cd63c1cb617b04d57384,5ab22c855e27e5186df199c5,26443.0
5ab5cd63c1cb617b04d57384,5ab853ffc1cb611355030410,2744.0
5ab5cd63c1cb617b04d57384,5ab6d13cc1cb6105684ae574,21647.0
5ab5cd63c1cb617b04d57384,5abaedf75e27e54c98ae6649,14466.0
5ab5cd63c1cb617b04d57384,5abadb2a5e27e54c98ae64f0,38228.0
5ab5cd63c1cb617b04d57384,5abab3ab5e27e54c98ae637b,27817.0
5ab5cd63c1cb617b04d57384,5aaf9f97c1cb611ae59db94f,24878.0
5ab5cd63c1cb617b04d57384,5ab31906c1cb61378a86c58c,667.0
5ab5cd63c1cb617b04d57384,5ab6f34c5e27e5602b7fd6b4,23296.0
5ab5cd63c1cb617b04d57384,5ab6051c5e27e56ec5f67374,6548.0
5ab5cd63c1cb617b04d57384,5ab35bd4c1cb61378a86dc04,7761.0
5ab5cd63c1cb617b04d57384,5abae8265e27e54c98ae65c5,41529.0
5ab5cd63c1cb617b04d57384,5ab94af85e27e54c98ae576e,26688.0
5ab5cd63c1cb617b04d57384,5aacfc085e27e57d07dc7c6e,21232.0
5ab5cd63c1cb617b04d57384,5ab89e0dc1cb611355030e24,45149.0
5ab5cd63c1cb617b04d57384,5ab26f3dc1cb61378a86b9d1,22422.0
5ab5cd63c1cb617b04d57384,5ab80e505e27e54c98ae3da5,33879.0
5ab5cd63c1cb617b04d57384,5ab462a15e27e565e8466695,3299.0
5ab5cd63c1cb617b04d57384,5ab213705e27e5186df19025,12696.0
5ab5cd63c1cb617b04d57384,5c3efc205e27e53fb0c06dab,58029.0
5ab5cd63c1cb617b04d57384,5adedf3f5e27e51c0e794115,28424.0
5ab5cd63c1cb617b04d57384,5abde34ac1cb6132bc75d1e8,31731.0
5ab5cd63c1cb617b04d57384,5adeda845e27e51c0e793fe7,25741.0
5ab5cd63c1cb617b04d57384,5ad1cf955e27e54ba6c14d7e,7623.0
5aba96ee5e27e54c98ae6271,5abb4383c1cb613f676fd61a,16929.0
5aba96ee5e27e54c98ae6271,5ab6ac60c1cb6105684ae38a,7110.0
5aba96ee5e27e54c98ae6271,5ab9e3dc5e27e54c98ae5fa0,15230.0
5aba96ee5e27e54c98ae6271,5abb40045e27e519fee76259,13466.0
5aba96ee5e27e54c98ae6271,5ab27513c1cb61378a86ba3b,24491.0
5aba96ee5e27e54c98ae6271,5ab30a66c1cb61378a86c0e7,29447.0
5aba96ee5e27e54c98ae6271,5ab5cd63c1cb617b04d57384,31253.0
5aba96ee5e27e54c98ae6271,5ab6ab0fc1cb6105684ae378,13001.0
5aba96ee5e27e54c98ae6271,5ab586fac1cb617b04d571e7,8926.0
5aba96ee5e27e54c98ae6271,5ab9da18c1cb611355031f8f,26208.0
5aba96ee5e27e54c98ae6271,5ab22c855e27e5186df199c5,11976.0
5aba96ee5e27e54c98ae6271,5ab853ffc1cb611355030410,29123.0
5aba96ee5e27e54c98ae6271,5ab6d13cc1cb6105684ae574,13410.0
5aba96ee5e27e54c98ae6271,5abaedf75e27e54c98ae6649,26644.0
5aba96ee5e27e54c98ae6271,5abadb2a5e27e54c98ae64f0,65075.0
5aba96ee5e27e54c98ae6271,5abab3ab5e27e54c98ae637b,5633.0
5aba96ee5e27e54c98ae6271,5aaf9f97c1cb611ae59db94f,17036.0
5aba96ee5e27e54c98ae6271,5ab31906c1cb61378a86c58c,30869.0
5aba96ee5e27e54c98ae6271,5ab6f34c5e27e5602b7fd6b4,8425.0
5aba96ee5e27e54c98ae6271,5ab6051c5e27e56ec5f67374,27902.0
5aba96ee5e27e54c98ae6271,5ab35bd4c1cb61378a86dc04,29156.0
5aba96ee5e27e54c98ae6271,5abae8265e27e54c98ae65c5,70014.0
5aba96ee5e27e54c98ae6271,5ab94af85e27e54c98ae576e,7118.0
5aba96ee5e27e54c98ae6271,5aacfc085e27e57d07dc7c6e,21067.0
5aba96ee5e27e54c98ae6271,5ab89e0dc1cb611355030e24,71076.0
5aba96ee5e27e54c98ae6271,5ab26f3dc1cb61378a86b9d1,11260.0
5aba96ee5e27e54c98ae6271,5ab80e505e27e54c98ae3da5,9362.0
5aba96ee5e27e54c98ae6271,5ab462a15e27e565e8466695,31122.0
5aba96ee5e27e54c98ae6271,5ab213705e27e5186df19025,42056.0
5aba96ee5e27e54c98ae6271,5c3efc205e27e53fb0c06dab,32622.0
5aba96ee5e27e54c98ae6271,5adedf3f5e27e51c0e794115,15036.0
5aba96ee5e27e54c98ae6271,5abde34ac1cb6132bc75d1e8,39146.0
5aba96ee5e27e54c98ae6271,5adeda845e27e51c0e793fe7,19453.0
5aba96ee5e27e54c98ae6271,5ad1cf955e27e54ba6c14d7e,27681.0
5ab6ab0fc1cb6105684ae378,5abb4383c1cb613f676fd61a,24393.0
5ab6ab0fc1cb6105684ae378,5ab6ac60c1cb6105684ae38a,8463.0
5ab6ab0fc1cb6105684ae378,5ab9e3dc5e27e54c98ae5fa0,12589.0
5ab6ab0fc1cb6105684ae378,5abb40045e27e519fee76259,24386.0
5ab6ab0fc1cb6105684ae378,5ab27513c1cb61378a86ba3b,28928.0
5ab6ab0fc1cb6105684ae378,5ab30a66c1cb61378a86c0e7,17046.0
5ab6ab0fc1cb6105684ae378,5ab5cd63c1cb617b04d57384,18852.0
5ab6ab0fc1cb6105684ae378,5aba96ee5e27e54c98ae6271,12961.0
5ab6ab0fc1cb6105684ae378,5ab586fac1cb617b04d571e7,5418.0
5ab6ab0fc1cb6105684ae378,5ab9da18c1cb611355031f8f,19085.0
5ab6ab0fc1cb6105684ae378,5ab22c855e27e5186df199c5,16170.0
5ab6ab0fc1cb6105684ae378,5ab853ffc1cb611355030410,16722.0
5ab6ab0fc1cb6105684ae378,5ab6d13cc1cb6105684ae574,4007.0
5ab6ab0fc1cb6105684ae378,5abaedf75e27e54c98ae6649,21832.0
5ab6ab0fc1cb6105684ae378,5abadb2a5e27e54c98ae64f0,52674.0
5ab6ab0fc1cb6105684ae378,5abab3ab5e27e54c98ae637b,10192.0
5ab6ab0fc1cb6105684ae378,5aaf9f97c1cb611ae59db94f,21207.0
5ab6ab0fc1cb6105684ae378,5ab31906c1cb61378a86c58c,18468.0
5ab6ab0fc1cb6105684ae378,5ab6f34c5e27e5602b7fd6b4,5209.0
5ab6ab0fc1cb6105684ae378,5ab6051c5e27e56ec5f67374,16824.0
5ab6ab0fc1cb6105684ae378,5ab35bd4c1cb61378a86dc04,19576.0
5ab6ab0fc1cb6105684ae378,5abae8265e27e54c98ae65c5,57613.0
5ab6ab0fc1cb6105684ae378,5ab94af85e27e54c98ae576e,9063.0
5ab6ab0fc1cb6105684ae378,5aacfc085e27e57d07dc7c6e,25238.0
5ab6ab0fc1cb6105684ae378,5ab89e0dc1cb611355030e24,58675.0
5ab6ab0fc1cb6105684ae378,5ab26f3dc1cb61378a86b9d1,11399.0
5ab6ab0fc1cb6105684ae378,5ab80e505e27e54c98ae3da5,16254.0
5ab6ab0fc1cb6105684ae378,5ab462a15e27e565e8466695,18721.0
5ab6ab0fc1cb6105684ae378,5ab213705e27e5186df19025,29655.0
5ab6ab0fc1cb6105684ae378,5c3efc205e27e53fb0c06dab,40404.0
5ab6ab0fc1cb6105684ae378,5adedf3f5e27e51c0e794115,20145.0
5ab6ab0fc1cb6105684ae378,5abde34ac1cb6132bc75d1e8,29743.0
5ab6ab0fc1cb6105684ae378,5adeda845e27e51c0e793fe7,24516.0
5ab6ab0fc1cb6105684ae378,5ad1cf955e27e54ba6c14d7e,15280.0
5ab586fac1cb617b04d571e7,5abb4383c1cb613f676fd61a,20357.0
5ab586fac1cb617b04d571e7,5ab6ac60c1cb6105684ae38a,10255.0
5ab586fac1cb617b04d571e7,5ab9e3dc5e27e54c98ae5fa0,14517.0
5ab586fac1cb617b04d571e7,5abb40045e27e519fee76259,20350.0
5ab586fac1cb617b04d571e7,5ab27513c1cb61378a86ba3b,24892.0
5ab586fac1cb617b04d571e7,5ab30a66c1cb61378a86c0e7,22189.0
5ab586fac1cb617b04d571e7,5ab5cd63c1cb617b04d57384,23995.0
5ab586fac1cb617b04d571e7,5aba96ee5e27e54c98ae6271,8925.0
5ab586fac1cb617b04d571e7,5ab6ab0fc1cb6105684ae378,5457.0
5ab586fac1cb617b04d571e7,5ab9da18c1cb611355031f8f,21238.0
5ab586fac1cb617b04d571e7,5ab22c855e27e5186df199c5,12134.0
5ab586fac1cb617b04d571e7,5ab853ffc1cb611355030410,21865.0
5ab586fac1cb617b04d571e7,5ab6d13cc1cb6105684ae574,6160.0
5ab586fac1cb617b04d571e7,5abaedf75e27e54c98ae6649,25873.0
5ab586fac1cb617b04d571e7,5abadb2a5e27e54c98ae64f0,57817.0
5ab586fac1cb617b04d571e7,5abab3ab5e27e54c98ae637b,10111.0
5ab586fac1cb617b04d571e7,5aaf9f97c1cb611ae59db94f,17171.0
5ab586fac1cb617b04d571e7,5ab31906c1cb61378a86c58c,23611.0
5ab586fac1cb617b04d571e7,5ab6f34c5e27e5602b7fd6b4,2971.0
5ab586fac1cb617b04d571e7,5ab6051c5e27e56ec5f67374,21967.0
5ab586fac1cb617b04d571e7,5ab35bd4c1cb61378a86dc04,24719.0
5ab586fac1cb617b04d571e7,5abae8265e27e54c98ae65c5,62756.0
5ab586fac1cb617b04d571e7,5ab94af85e27e54c98ae576e,10991.0
5ab586fac1cb617b04d571e7,5aacfc085e27e57d07dc7c6e,21202.0
5ab586fac1cb617b04d571e7,5ab89e0dc1cb611355030e24,63818.0
5ab586fac1cb617b04d571e7,5ab26f3dc1cb61378a86b9d1,7363.0
5ab586fac1cb617b04d571e7,5ab80e505e27e54c98ae3da5,15257.0
5ab586fac1cb617b04d571e7,5ab462a15e27e565e8466695,23864.0
5ab586fac1cb617b04d571e7,5ab213705e27e5186df19025,34798.0
5ab586fac1cb617b04d571e7,5c3efc205e27e53fb0c06dab,40368.0
5ab586fac1cb617b04d571e7,5adedf3f5e27e51c0e794115,16109.0
5ab586fac1cb617b04d571e7,5abde34ac1cb6132bc75d1e8,31896.0
5ab586fac1cb617b04d571e7,5adeda845e27e51c0e793fe7,20480.0
5ab586fac1cb617b04d571e7,5ad1cf955e27e54ba6c14d7e,20423.0
5ab9da18c1cb611355031f8f,5abb4383c1cb613f676fd61a,40213.0
5ab9da18c1cb611355031f8f,5ab6ac60c1cb6105684ae38a,20121.0
5ab9da18c1cb611355031f8f,5ab9e3dc5e27e54c98ae5fa0,11443.0
5ab9da18c1cb611355031f8f,5abb40045e27e519fee76259,38942.0
5ab9da18c1cb611355031f8f,5ab27513c1cb61378a86ba3b,44748.0
5ab9da18c1cb611355031f8f,5ab30a66c1cb61378a86c0e7,19313.0
5ab9da18c1cb611355031f8f,5ab5cd63c1cb617b04d57384,28547.0
5ab9da18c1cb611355031f8f,5aba96ee5e27e54c98ae6271,26208.0
5ab9da18c1cb611355031f8f,5ab6ab0fc1cb6105684ae378,19095.0
5ab9da18c1cb611355031f8f,5ab586fac1cb617b04d571e7,21238.0
5ab9da18c1cb611355031f8f,5ab22c855e27e5186df199c5,31990.0
5ab9da18c1cb611355031f8f,5ab853ffc1cb611355030410,27334.0
5ab9da18c1cb611355031f8f,5ab6d13cc1cb6105684ae574,18446.0
5ab9da18c1cb611355031f8f,5abaedf75e27e54c98ae6649,35561.0
5ab9da18c1cb611355031f8f,5abadb2a5e27e54c98ae64f0,51124.0
5ab9da18c1cb611355031f8f,5abab3ab5e27e54c98ae637b,21581.0
5ab9da18c1cb611355031f8f,5aaf9f97c1cb611ae59db94f,37027.0
5ab9da18c1cb611355031f8f,5ab31906c1cb61378a86c58c,28252.0
5ab9da18c1cb611355031f8f,5ab6f34c5e27e5602b7fd6b4,20722.0
5ab9da18c1cb611355031f8f,5ab6051c5e27e56ec5f67374,30458.0
5ab9da18c1cb611355031f8f,5ab35bd4c1cb61378a86dc04,32760.0
5ab9da18c1cb611355031f8f,5abae8265e27e54c98ae65c5,55227.0
5ab9da18c1cb611355031f8f,5ab94af85e27e54c98ae576e,19738.0
5ab9da18c1cb611355031f8f,5aacfc085e27e57d07dc7c6e,41058.0
5ab9da18c1cb611355031f8f,5ab89e0dc1cb611355030e24,57125.0
5ab9da18c1cb611355031f8f,5ab26f3dc1cb61378a86b9d1,27219.0
5ab9da18c1cb611355031f8f,5ab80e505e27e54c98ae3da5,26929.0
5ab9da18c1cb611355031f8f,5ab462a15e27e565e8466695,27159.0
5ab9da18c1cb611355031f8f,5ab213705e27e5186df19025,32965.0
5ab9da18c1cb611355031f8f,5c3efc205e27e53fb0c06dab,51079.0
5ab9da18c1cb611355031f8f,5adedf3f5e27e51c0e794115,35965.0
5ab9da18c1cb611355031f8f,5abde34ac1cb6132bc75d1e8,19030.0
5ab9da18c1cb611355031f8f,5adeda845e27e51c0e793fe7,40336.0
5ab9da18c1cb611355031f8f,5ad1cf955e27e54ba6c14d7e,24093.0
5ab22c855e27e5186df199c5,5abb4383c1cb613f676fd61a,10270.0
5ab22c855e27e5186df199c5,5ab6ac60c1cb6105684ae38a,17432.0
5ab22c855e27e5186df199c5,5ab9e3dc5e27e54c98ae5fa0,26538.0
5ab22c855e27e5186df199c5,5abb40045e27e519fee76259,11028.0
5ab22c855e27e5186df199c5,5ab27513c1cb61378a86ba3b,12782.0
5ab22c855e27e5186df199c5,5ab30a66c1cb61378a86c0e7,30656.0
5ab22c855e27e5186df199c5,5ab5cd63c1cb617b04d57384,25833.0
5ab22c855e27e5186df199c5,5aba96ee5e27e54c98ae6271,12267.0
5ab22c855e27e5186df199c5,5ab6ab0fc1cb6105684ae378,16281.0
5ab22c855e27e5186df199c5,5ab586fac1cb617b04d571e7,12206.0
5ab22c855e27e5186df199c5,5ab9da18c1cb611355031f8f,32062.0
5ab22c855e27e5186df199c5,5ab853ffc1cb611355030410,24990.0
5ab22c855e27e5186df199c5,5ab6d13cc1cb6105684ae574,16984.0
5ab22c855e27e5186df199c5,5abaedf75e27e54c98ae6649,14669.0
5ab22c855e27e5186df199c5,5abadb2a5e27e54c98ae64f0,62932.0
5ab22c855e27e5186df199c5,5abab3ab5e27e54c98ae637b,17288.0
5ab22c855e27e5186df199c5,5aaf9f97c1cb611ae59db94f,5061.0
5ab22c855e27e5186df199c5,5ab31906c1cb61378a86c58c,25826.0
5ab22c855e27e5186df199c5,5ab6f34c5e27e5602b7fd6b4,13795.0
5ab22c855e27e5186df199c5,5ab6051c5e27e56ec5f67374,21513.0
5ab22c855e27e5186df199c5,5ab35bd4c1cb61378a86dc04,19396.0
5ab22c855e27e5186df199c5,5abae8265e27e54c98ae65c5,66264.0
5ab22c855e27e5186df199c5,5ab94af85e27e54c98ae576e,18700.0
5ab22c855e27e5186df199c5,5aacfc085e27e57d07dc7c6e,9092.0
5ab22c855e27e5186df199c5,5ab89e0dc1cb611355030e24,68933.0
5ab22c855e27e5186df199c5,5ab26f3dc1cb61378a86b9d1,5853.0
5ab22c855e27e5186df199c5,5ab80e505e27e54c98ae3da5,20039.0
5ab22c855e27e5186df199c5,5ab462a15e27e565e8466695,27838.0
5ab22c855e27e5186df199c5,5ab213705e27e5186df19025,37431.0
5ab22c855e27e5186df199c5,5c3efc205e27e53fb0c06dab,38901.0
5ab22c855e27e5186df199c5,5adedf3f5e27e51c0e794115,5005.0
5ab22c855e27e5186df199c5,5abde34ac1cb6132bc75d1e8,42720.0
5ab22c855e27e5186df199c5,5adeda845e27e51c0e793fe7,8370.0
5ab22c855e27e5186df199c5,5ad1cf955e27e54ba6c14d7e,25230.0
5ab853ffc1cb611355030410,5abb4383c1cb613f676fd61a,32714.0
5ab853ffc1cb611355030410,5ab6ac60c1cb6105684ae38a,24161.0
5ab853ffc1cb611355030410,5ab9e3dc5e27e54c98ae5fa0,28751.0
5ab853ffc1cb611355030410,5abb40045e27e519fee76259,35205.0
5ab853ffc1cb611355030410,5ab27513c1cb61378a86ba3b,22124.0
5ab853ffc1cb611355030410,5ab30a66c1cb61378a86c0e7,11917.0
5ab853ffc1cb611355030410,5ab5cd63c1cb617b04d57384,2940.0
5ab853ffc1cb611355030410,5aba96ee5e27e54c98ae6271,29152.0
5ab853ffc1cb611355030410,5ab6ab0fc1cb6105684ae378,16830.0
5ab853ffc1cb611355030410,5ab586fac1cb617b04d571e7,21877.0
5ab853ffc1cb611355030410,5ab9da18c1cb611355031f8f,27454.0
5ab853ffc1cb611355030410,5ab22c855e27e5186df199c5,25436.0
5ab853ffc1cb611355030410,5ab6d13cc1cb6105684ae574,19720.0
5ab853ffc1cb611355030410,5abaedf75e27e54c98ae6649,13110.0
5ab853ffc1cb611355030410,5abadb2a5e27e54c98ae64f0,39566.0
5ab853ffc1cb611355030410,5abab3ab5e27e54c98ae637b,25890.0
5ab853ffc1cb611355030410,5aaf9f97c1cb611ae59db94f,23871.0
5ab853ffc1cb611355030410,5ab31906c1cb61378a86c58c,1746.0
5ab853ffc1cb611355030410,5ab6f34c5e27e5602b7fd6b4,21369.0
5ab853ffc1cb611355030410,5ab6051c5e27e56ec5f67374,5253.0
5ab853ffc1cb611355030410,5ab35bd4c1cb61378a86dc04,6496.0
5ab853ffc1cb611355030410,5abae8265e27e54c98ae65c5,42889.0
5ab853ffc1cb611355030410,5ab94af85e27e54c98ae576e,24761.0
5ab853ffc1cb611355030410,5aacfc085e27e57d07dc7c6e,20240.0
5ab853ffc1cb611355030410,5ab89e0dc1cb611355030e24,46487.0
5ab853ffc1cb611355030410,5ab26f3dc1cb61378a86b9d1,20504.0
5ab853ffc1cb611355030410,5ab80e505e27e54c98ae3da5,31952.0
5ab853ffc1cb611355030410,5ab462a15e27e565e8466695,3430.0
5ab853ffc1cb611355030410,5ab213705e27e5186df19025,14034.0
5ab853ffc1cb611355030410,5c3efc205e27e53fb0c06dab,56102.0
5ab853ffc1cb611355030410,5adedf3f5e27e51c0e794115,27432.0
5ab853ffc1cb611355030410,5abde34ac1cb6132bc75d1e8,29548.0
5ab853ffc1cb611355030410,5adeda845e27e51c0e793fe7,24749.0
5ab853ffc1cb611355030410,5ad1cf955e27e54ba6c14d7e,5615.0
5ab6d13cc1cb6105684ae574,5abb4383c1cb613f676fd61a,24454.0
5ab6d13cc1cb6105684ae574,5ab6ac60c1cb6105684ae38a,6799.0
5ab6d13cc1cb6105684ae574,5ab9e3dc5e27e54c98ae5fa0,10925.0
5ab6d13cc1cb6105684ae574,5abb40045e27e519fee76259,23366.0
5ab6d13cc1cb6105684ae574,5ab27513c1cb61378a86ba3b,28989.0
5ab6d13cc1cb6105684ae574,5ab30a66c1cb61378a86c0e7,19403.0
5ab6d13cc1cb6105684ae574,5ab5cd63c1cb617b04d57384,21209.0
5ab6d13cc1cb6105684ae574,5aba96ee5e27e54c98ae6271,11790.0
5ab6d13cc1cb6105684ae574,5ab6ab0fc1cb6105684ae378,3343.0
5ab6d13cc1cb6105684ae574,5ab586fac1cb617b04d571e7,5479.0
5ab6d13cc1cb6105684ae574,5ab9da18c1cb611355031f8f,18444.0
5ab6d13cc1cb6105684ae574,5ab22c855e27e5186df199c5,16231.0
5ab6d13cc1cb6105684ae574,5ab853ffc1cb611355030410,19079.0
5ab6d13cc1cb6105684ae574,5abaedf75e27e54c98ae6649,24189.0
5ab6d13cc1cb6105684ae574,5abadb2a5e27e54c98ae64f0,55031.0
5ab6d13cc1cb6105684ae574,5abab3ab5e27e54c98ae637b,8528.0
5ab6d13cc1cb6105684ae574,5aaf9f97c1cb611ae59db94f,21268.0
5ab6d13cc1cb6105684ae574,5ab31906c1cb61378a86c58c,20825.0
5ab6d13cc1cb6105684ae574,5ab6f34c5e27e5602b7fd6b4,4007.0
5ab6d13cc1cb6105684ae574,5ab6051c5e27e56ec5f67374,19181.0
5ab6d13cc1cb6105684ae574,5ab35bd4c1cb61378a86dc04,21933.0
5ab6d13cc1cb6105684ae574,5abae8265e27e54c98ae65c5,60003.0
5ab6d13cc1cb6105684ae574,5ab94af85e27e54c98ae576e,7399.0
5ab6d13cc1cb6105684ae574,5aacfc085e27e57d07dc7c6e,25299.0
5ab6d13cc1cb6105684ae574,5ab89e0dc1cb611355030e24,61032.0
5ab6d13cc1cb6105684ae574,5ab26f3dc1cb61378a86b9d1,11460.0
5ab6d13cc1cb6105684ae574,5ab80e505e27e54c98ae3da5,14590.0
5ab6d13cc1cb6105684ae574,5ab462a15e27e565e8466695,21078.0
5ab6d13cc1cb6105684ae574,5ab213705e27e5186df19025,32012.0
5ab6d13cc1cb6105684ae574,5c3efc205e27e53fb0c06dab,38740.0
5ab6d13cc1cb6105684ae574,5adedf3f5e27e51c0e794115,20206.0
5ab6d13cc1cb6105684ae574,5abde34ac1cb6132bc75d1e8,29102.0
5ab6d13cc1cb6105684ae574,5adeda845e27e51c0e793fe7,24577.0
5ab6d13cc1cb6105684ae574,5ad1cf955e27e54ba6c14d7e,17637.0
5abaedf75e27e54c98ae6649,5abb4383c1cb613f676fd61a,23179.0
5abaedf75e27e54c98ae6649,5ab6ac60c1cb6105684ae38a,29259.0
5abaedf75e27e54c98ae6649,5ab9e3dc5e27e54c98ae5fa0,33887.0
5abaedf75e27e54c98ae6649,5abb40045e27e519fee76259,24451.0
5abaedf75e27e54c98ae6649,5ab27513c1cb61378a86ba3b,13787.0
5abaedf75e27e54c98ae6649,5ab30a66c1cb61378a86c0e7,20504.0
5abaedf75e27e54c98ae6649,5ab5cd63c1cb617b04d57384,15250.0
5abaedf75e27e54c98ae6649,5aba96ee5e27e54c98ae6271,26647.0
5abaedf75e27e54c98ae6649,5ab6ab0fc1cb6105684ae378,21928.0
5abaedf75e27e54c98ae6649,5ab586fac1cb617b04d571e7,25383.0
5abaedf75e27e54c98ae6649,5ab9da18c1cb611355031f8f,35508.0
5abaedf75e27e54c98ae6649,5ab22c855e27e5186df199c5,15471.0
5abaedf75e27e54c98ae6649,5ab853ffc1cb611355030410,13472.0
5abaedf75e27e54c98ae6649,5ab6d13cc1cb6105684ae574,24818.0
5abaedf75e27e54c98ae6649,5abadb2a5e27e54c98ae64f0,51753.0
5abaedf75e27e54c98ae6649,5abab3ab5e27e54c98ae637b,30465.0
5abaedf75e27e54c98ae6649,5aaf9f97c1cb611ae59db94f,13906.0
5abaedf75e27e54c98ae6649,5ab31906c1cb61378a86c58c,15218.0
5abaedf75e27e54c98ae6649,5ab6f34c5e27e5602b7fd6b4,26467.0
5abaedf75e27e54c98ae6649,5ab6051c5e27e56ec5f67374,9080.0
5abaedf75e27e54c98ae6649,5ab35bd4c1cb61378a86dc04,8529.0
5abaedf75e27e54c98ae6649,5abae8265e27e54c98ae65c5,56083.0
5abaedf75e27e54c98ae6649,5ab94af85e27e54c98ae576e,29859.0
5abaedf75e27e54c98ae6649,5aacfc085e27e57d07dc7c6e,11168.0
5abaedf75e27e54c98ae6649,5ab89e0dc1cb611355030e24,57754.0
5abaedf75e27e54c98ae6649,5ab26f3dc1cb61378a86b9d1,18339.0
5abaedf75e27e54c98ae6649,5ab80e505e27e54c98ae3da5,34413.0
5abaedf75e27e54c98ae6649,5ab462a15e27e565e8466695,16294.0
5abaedf75e27e54c98ae6649,5ab213705e27e5186df19025,27228.0
5abaedf75e27e54c98ae6649,5c3efc205e27e53fb0c06dab,53281.0
5abaedf75e27e54c98ae6649,5adedf3f5e27e51c0e794115,17897.0
5abaedf75e27e54c98ae6649,5abde34ac1cb6132bc75d1e8,38762.0
5abaedf75e27e54c98ae6649,5adeda845e27e51c0e793fe7,15214.0
5abaedf75e27e54c98ae6649,5ad1cf955e27e54ba6c14d7e,14491.0
5abab3ab5e27e54c98ae637b,5abb4383c1cb613f676fd61a,22355.0
5abab3ab5e27e54c98ae637b,5ab6ac60c1cb6105684ae38a,1903.0
5abab3ab5e27e54c98ae637b,5ab9e3dc5e27e54c98ae5fa0,11160.0
5abab3ab5e27e54c98ae637b,5abb40045e27e519fee76259,18481.0
5abab3ab5e27e54c98ae637b,5ab27513c1cb61378a86ba3b,29156.0
5abab3ab5e27e54c98ae637b,5ab30a66c1cb61378a86c0e7,25373.0
5abab3ab5e27e54c98ae637b,5ab5cd63c1cb617b04d57384,27179.0
5abab3ab5e27e54c98ae637b,5aba96ee5e27e54c98ae6271,6147.0
5abab3ab5e27e54c98ae637b,5ab6ab0fc1cb6105684ae378,9372.0
5abab3ab5e27e54c98ae637b,5ab586fac1cb617b04d571e7,9293.0
5abab3ab5e27e54c98ae637b,5ab9da18c1cb611355031f8f,22331.0
5abab3ab5e27e54c98ae637b,5ab22c855e27e5186df199c5,16398.0
5abab3ab5e27e54c98ae637b,5ab853ffc1cb611355030410,25506.0
5abab3ab5e27e54c98ae637b,5ab6d13cc1cb6105684ae574,9336.0
5abab3ab5e27e54c98ae637b,5abaedf75e27e54c98ae6649,29840.0
5abab3ab5e27e54c98ae637b,5abadb2a5e27e54c98ae64f0,63170.0
5abab3ab5e27e54c98ae637b,5aaf9f97c1cb611ae59db94f,21435.0
5abab3ab5e27e54c98ae637b,5ab31906c1cb61378a86c58c,26705.0
5abab3ab5e27e54c98ae637b,5ab6f34c5e27e5602b7fd6b4,8792.0
5abab3ab5e27e54c98ae637b,5ab6051c5e27e56ec5f67374,25151.0
5abab3ab5e27e54c98ae637b,5ab35bd4c1cb61378a86dc04,27903.0
5abab3ab5e27e54c98ae637b,5abae8265e27e54c98ae65c5,66491.0
5abab3ab5e27e54c98ae637b,5ab94af85e27e54c98ae576e,3048.0
5abab3ab5e27e54c98ae637b,5aacfc085e27e57d07dc7c6e,25466.0
5abab3ab5e27e54c98ae637b,5ab89e0dc1cb611355030e24,70091.0
5abab3ab5e27e54c98ae637b,5ab26f3dc1cb61378a86b9d1,11627.0
5abab3ab5e27e54c98ae637b,5ab80e505e27e54c98ae3da5,8106.0
5abab3ab5e27e54c98ae637b,5ab462a15e27e565e8466695,27048.0
5abab3ab5e27e54c98ae637b,5ab213705e27e5186df19025,37982.0
5abab3ab5e27e54c98ae637b,5c3efc205e27e53fb0c06dab,32256.0
5abab3ab5e27e54c98ae637b,5adedf3f5e27e51c0e794115,20373.0
5abab3ab5e27e54c98ae637b,5abde34ac1cb6132bc75d1e8,35072.0
5abab3ab5e27e54c98ae637b,5adeda845e27e51c0e793fe7,24879.0
5abab3ab5e27e54c98ae637b,5ad1cf955e27e54ba6c14d7e,23607.0
5abadb2a5e27e54c98ae64f0,5abb4383c1cb613f676fd61a,71034.0
5abadb2a5e27e54c98ae64f0,5ab6ac60c1cb6105684ae38a,62558.0
5abadb2a5e27e54c98ae64f0,5ab9e3dc5e27e54c98ae5fa0,58108.0
5abadb2a5e27e54c98ae64f0,5abb40045e27e519fee76259,72306.0
5abadb2a5e27e54c98ae64f0,5ab27513c1cb61378a86ba3b,60019.0
5abadb2a5e27e54c98ae64f0,5ab30a66c1cb61378a86c0e7,40194.0
5abadb2a5e27e54c98ae64f0,5ab5cd63c1cb617b04d57384,38313.0
5abadb2a5e27e54c98ae64f0,5aba96ee5e27e54c98ae6271,67905.0
5abadb2a5e27e54c98ae64f0,5ab6ab0fc1cb6105684ae378,55583.0
5abadb2a5e27e54c98ae64f0,5ab586fac1cb617b04d571e7,60630.0
5abadb2a5e27e54c98ae64f0,5ab9da18c1cb611355031f8f,51124.0
5abadb2a5e27e54c98ae64f0,5ab22c855e27e5186df199c5,63771.0
5abadb2a5e27e54c98ae64f0,5ab853ffc1cb611355030410,39743.0
5abadb2a5e27e54c98ae64f0,5ab6d13cc1cb6105684ae574,58473.0
5abadb2a5e27e54c98ae64f0,5abaedf75e27e54c98ae6649,51794.0
5abadb2a5e27e54c98ae64f0,5abab3ab5e27e54c98ae637b,64136.0
5abadb2a5e27e54c98ae64f0,5aaf9f97c1cb611ae59db94f,62206.0
5abadb2a5e27e54c98ae64f0,5ab31906c1cb61378a86c58c,38725.0
5abadb2a5e27e54c98ae64f0,5ab6f34c5e27e5602b7fd6b4,60122.0
5abadb2a5e27e54c98ae64f0,5ab6051c5e27e56ec5f67374,43876.0
5abadb2a5e27e54c98ae64f0,5ab35bd4c1cb61378a86dc04,45089.0
5abadb2a5e27e54c98ae64f0,5abae8265e27e54c98ae65c5,6298.0
5abadb2a5e27e54c98ae64f0,5ab94af85e27e54c98ae576e,64481.0
5abadb2a5e27e54c98ae64f0,5aacfc085e27e57d07dc7c6e,58560.0
5abadb2a5e27e54c98ae64f0,5ab89e0dc1cb611355030e24,14073.0
5abadb2a5e27e54c98ae64f0,5ab26f3dc1cb61378a86b9d1,59608.0
5abadb2a5e27e54c98ae64f0,5ab80e505e27e54c98ae3da5,70629.0
5abadb2a5e27e54c98ae64f0,5ab462a15e27e565e8466695,36648.0
5abadb2a5e27e54c98ae64f0,5ab213705e27e5186df19025,25953.0
5abadb2a5e27e54c98ae64f0,5c3efc205e27e53fb0c06dab,94779.0
5abadb2a5e27e54c98ae64f0,5adedf3f5e27e51c0e794115,65752.0
5abadb2a5e27e54c98ae64f0,5abde34ac1cb6132bc75d1e8,39753.0
5abadb2a5e27e54c98ae64f0,5adeda845e27e51c0e793fe7,63069.0
5abadb2a5e27e54c98ae64f0,5ad1cf955e27e54ba6c14d7e,40780.0
5aaf9f97c1cb611ae59db94f,5abb4383c1cb613f676fd61a,10715.0
5aaf9f97c1cb611ae59db94f,5ab6ac60c1cb6105684ae38a,22681.0
5aaf9f97c1cb611ae59db94f,5ab9e3dc5e27e54c98ae5fa0,31963.0
5aaf9f97c1cb611ae59db94f,5abb40045e27e519fee76259,11741.0
5aaf9f97c1cb611ae59db94f,5ab27513c1cb61378a86ba3b,8306.0
5aaf9f97c1cb611ae59db94f,5ab30a66c1cb61378a86c0e7,33365.0
5aaf9f97c1cb611ae59db94f,5ab5cd63c1cb617b04d57384,23852.0
5aaf9f97c1cb611ae59db94f,5aba96ee5e27e54c98ae6271,16945.0
5aaf9f97c1cb611ae59db94f,5ab6ab0fc1cb6105684ae378,21530.0
5aaf9f97c1cb611ae59db94f,5ab586fac1cb617b04d571e7,17455.0
5aaf9f97c1cb611ae59db94f,5ab9da18c1cb611355031f8f,37352.0
5aaf9f97c1cb611ae59db94f,5ab22c855e27e5186df199c5,6177.0
5aaf9f97c1cb611ae59db94f,5ab853ffc1cb611355030410,23111.0
5aaf9f97c1cb611ae59db94f,5ab6d13cc1cb6105684ae574,22233.0
5aaf9f97c1cb611ae59db94f,5abaedf75e27e54c98ae6649,13297.0
5aaf9f97c1cb611ae59db94f,5abadb2a5e27e54c98ae64f0,60982.0
5aaf9f97c1cb611ae59db94f,5abab3ab5e27e54c98ae637b,22366.0
5aaf9f97c1cb611ae59db94f,5ab31906c1cb61378a86c58c,24012.0
5aaf9f97c1cb611ae59db94f,5ab6f34c5e27e5602b7fd6b4,19044.0
5aaf9f97c1cb611ae59db94f,5ab6051c5e27e56ec5f67374,19547.0
5aaf9f97c1cb611ae59db94f,5ab35bd4c1cb61378a86dc04,17424.0
5aaf9f97c1cb611ae59db94f,5abae8265e27e54c98ae65c5,64303.0
5aaf9f97c1cb611ae59db94f,5ab94af85e27e54c98ae576e,23851.0
5aaf9f97c1cb611ae59db94f,5aacfc085e27e57d07dc7c6e,4840.0
5aaf9f97c1cb611ae59db94f,5ab89e0dc1cb611355030e24,67903.0
5aaf9f97c1cb611ae59db94f,5ab26f3dc1cb61378a86b9d1,11102.0
5aaf9f97c1cb611ae59db94f,5ab80e505e27e54c98ae3da5,25561.0
5aaf9f97c1cb611ae59db94f,5ab462a15e27e565e8466695,26109.0
5aaf9f97c1cb611ae59db94f,5ab213705e27e5186df19025,35450.0
5aaf9f97c1cb611ae59db94f,5c3efc205e27e53fb0c06dab,43443.0
5aaf9f97c1cb611ae59db94f,5adedf3f5e27e51c0e794115,5376.0
5aaf9f97c1cb611ae59db94f,5abde34ac1cb6132bc75d1e8,47969.0
5aaf9f97c1cb611ae59db94f,5adeda845e27e51c0e793fe7,3616.0
5aaf9f97c1cb611ae59db94f,5ad1cf955e27e54ba6c14d7e,25552.0
5ab31906c1cb61378a86c58c,5abb4383c1cb613f676fd61a,33882.0
5ab31906c1cb61378a86c58c,5ab6ac60c1cb6105684ae38a,25727.0
5ab31906c1cb61378a86c58c,5ab9e3dc5e27e54c98ae5fa0,29541.0
5ab31906c1cb61378a86c58c,5abb40045e27e519fee76259,35154.0
5ab31906c1cb61378a86c58c,5ab27513c1cb61378a86ba3b,22867.0
5ab31906c1cb61378a86c58c,5ab30a66c1cb61378a86c0e7,12707.0
5ab31906c1cb61378a86c58c,5ab5cd63c1cb617b04d57384,1593.0
5ab31906c1cb61378a86c58c,5aba96ee5e27e54c98ae6271,30718.0
5ab31906c1cb61378a86c58c,5ab6ab0fc1cb6105684ae378,18396.0
5ab31906c1cb61378a86c58c,5ab586fac1cb617b04d571e7,23443.0
5ab31906c1cb61378a86c58c,5ab9da18c1cb611355031f8f,28244.0
5ab31906c1cb61378a86c58c,5ab22c855e27e5186df199c5,26619.0
5ab31906c1cb61378a86c58c,5ab853ffc1cb611355030410,1746.0
5ab31906c1cb61378a86c58c,5ab6d13cc1cb6105684ae574,21286.0
5ab31906c1cb61378a86c58c,5abaedf75e27e54c98ae6649,14642.0
5ab31906c1cb61378a86c58c,5abadb2a5e27e54c98ae64f0,38723.0
5ab31906c1cb61378a86c58c,5abab3ab5e27e54c98ae637b,27456.0
5ab31906c1cb61378a86c58c,5aaf9f97c1cb611ae59db94f,25054.0
5ab31906c1cb61378a86c58c,5ab6f34c5e27e5602b7fd6b4,22935.0
5ab31906c1cb61378a86c58c,5ab6051c5e27e56ec5f67374,6685.0
5ab31906c1cb61378a86c58c,5ab35bd4c1cb61378a86dc04,8008.0
5ab31906c1cb61378a86c58c,5abae8265e27e54c98ae65c5,42046.0
5ab31906c1cb61378a86c58c,5ab94af85e27e54c98ae576e,26696.0
5ab31906c1cb61378a86c58c,5aacfc085e27e57d07dc7c6e,21408.0
5ab31906c1cb61378a86c58c,5ab89e0dc1cb611355030e24,45644.0
5ab31906c1cb61378a86c58c,5ab26f3dc1cb61378a86b9d1,22505.0
5ab31906c1cb61378a86c58c,5ab80e505e27e54c98ae3da5,33516.0
5ab31906c1cb61378a86c58c,5ab462a15e27e565e8466695,2559.0
5ab31906c1cb61378a86c58c,5ab213705e27e5186df19025,13191.0
5ab31906c1cb61378a86c58c,5c3efc205e27e53fb0c06dab,57666.0
5ab31906c1cb61378a86c58c,5adedf3f5e27e51c0e794115,28600.0
5ab31906c1cb61378a86c58c,5abde34ac1cb6132bc75d1e8,30338.0
5ab31906c1cb61378a86c58c,5adeda845e27e51c0e793fe7,25917.0
5ab31906c1cb61378a86c58c,5ad1cf955e27e54ba6c14d7e,6550.0
5ab6f34c5e27e5602b7fd6b4,5abb4383c1cb613f676fd61a,21945.0
5ab6f34c5e27e5602b7fd6b4,5ab6ac60c1cb6105684ae38a,8308.0
5ab6f34c5e27e5602b7fd6b4,5ab9e3dc5e27e54c98ae5fa0,12790.0
5ab6f34c5e27e5602b7fd6b4,5abb40045e27e519fee76259,21938.0
5ab6f34c5e27e5602b7fd6b4,5ab27513c1cb61378a86ba3b,26480.0
5ab6f34c5e27e5602b7fd6b4,5ab30a66c1cb61378a86c0e7,21680.0
5ab6f34c5e27e5602b7fd6b4,5ab5cd63c1cb617b04d57384,23486.0
5ab6f34c5e27e5602b7fd6b4,5aba96ee5e27e54c98ae6271,8425.0
5ab6f34c5e27e5602b7fd6b4,5ab6ab0fc1cb6105684ae378,5679.0
5ab6f34c5e27e5602b7fd6b4,5ab586fac1cb617b04d571e7,2970.0
5ab6f34c5e27e5602b7fd6b4,5ab9da18c1cb611355031f8f,20762.0
5ab6f34c5e27e5602b7fd6b4,5ab22c855e27e5186df199c5,13722.0
5ab6f34c5e27e5602b7fd6b4,5ab853ffc1cb611355030410,21720.0
5ab6f34c5e27e5602b7fd6b4,5ab6d13cc1cb6105684ae574,5643.0
5ab6f34c5e27e5602b7fd6b4,5abaedf75e27e54c98ae6649,26466.0
5ab6f34c5e27e5602b7fd6b4,5abadb2a5e27e54c98ae64f0,60001.0
5ab6f34c5e27e5602b7fd6b4,5abab3ab5e27e54c98ae637b,9611.0
5ab6f34c5e27e5602b7fd6b4,5aaf9f97c1cb611ae59db94f,18759.0
5ab6f34c5e27e5602b7fd6b4,5ab31906c1cb61378a86c58c,23206.0
5ab6f34c5e27e5602b7fd6b4,5ab6051c5e27e56ec5f67374,21458.0
5ab6f34c5e27e5602b7fd6b4,5ab35bd4c1cb61378a86dc04,24210.0
5ab6f34c5e27e5602b7fd6b4,5abae8265e27e54c98ae65c5,63322.0
5ab6f34c5e27e5602b7fd6b4,5ab94af85e27e54c98ae576e,10041.0
5ab6f34c5e27e5602b7fd6b4,5aacfc085e27e57d07dc7c6e,22790.0
5ab6f34c5e27e5602b7fd6b4,5ab89e0dc1cb611355030e24,66922.0
5ab6f34c5e27e5602b7fd6b4,5ab26f3dc1cb61378a86b9d1,8951.0
5ab6f34c5e27e5602b7fd6b4,5ab80e505e27e54c98ae3da5,16044.0
5ab6f34c5e27e5602b7fd6b4,5ab462a15e27e565e8466695,23355.0
5ab6f34c5e27e5602b7fd6b4,5ab213705e27e5186df19025,34289.0
5ab6f34c5e27e5602b7fd6b4,5c3efc205e27e53fb0c06dab,40194.0
5ab6f34c5e27e5602b7fd6b4,5adedf3f5e27e51c0e794115,17697.0
5ab6f34c5e27e5602b7fd6b4,5abde34ac1cb6132bc75d1e8,31379.0
5ab6f34c5e27e5602b7fd6b4,5adeda845e27e51c0e793fe7,22068.0
5ab6f34c5e27e5602b7fd6b4,5ad1cf955e27e54ba6c14d7e,19914.0
5ab6051c5e27e56ec5f67374,5abb4383c1cb613f676fd61a,29552.0
5ab6051c5e27e56ec5f67374,5ab6ac60c1cb6105684ae38a,23806.0
5ab6051c5e27e56ec5f67374,5ab9e3dc5e27e54c98ae5fa0,28790.0
5ab6051c5e27e56ec5f67374,5abb40045e27e519fee76259,30824.0
5ab6051c5e27e56ec5f67374,5ab27513c1cb61378a86ba3b,18962.0
5ab6051c5e27e56ec5f67374,5ab30a66c1cb61378a86c0e7,15660.0
5ab6051c5e27e56ec5f67374,5ab5cd63c1cb617b04d57384,7405.0
5ab6051c5e27e56ec5f67374,5aba96ee5e27e54c98ae6271,27783.0
5ab6051c5e27e56ec5f67374,5ab6ab0fc1cb6105684ae378,16831.0
5ab6051c5e27e56ec5f67374,5ab586fac1cb617b04d571e7,21878.0
5ab6051c5e27e56ec5f67374,5ab9da18c1cb611355031f8f,30833.0
5ab6051c5e27e56ec5f67374,5ab22c855e27e5186df199c5,22293.0
5ab6051c5e27e56ec5f67374,5ab853ffc1cb611355030410,5931.0
5ab6051c5e27e56ec5f67374,5ab6d13cc1cb6105684ae574,19721.0
5ab6051c5e27e56ec5f67374,5abaedf75e27e54c98ae6649,8970.0
5ab6051c5e27e56ec5f67374,5abadb2a5e27e54c98ae64f0,44535.0
5ab6051c5e27e56ec5f67374,5abab3ab5e27e54c98ae637b,25384.0
5ab6051c5e27e56ec5f67374,5aaf9f97c1cb611ae59db94f,20640.0
5ab6051c5e27e56ec5f67374,5ab31906c1cb61378a86c58c,7440.0
5ab6051c5e27e56ec5f67374,5ab6f34c5e27e5602b7fd6b4,21370.0
5ab6051c5e27e56ec5f67374,5ab35bd4c1cb61378a86dc04,3334.0
5ab6051c5e27e56ec5f67374,5abae8265e27e54c98ae65c5,47858.0
5ab6051c5e27e56ec5f67374,5ab94af85e27e54c98ae576e,24921.0
5ab6051c5e27e56ec5f67374,5aacfc085e27e57d07dc7c6e,17078.0
5ab6051c5e27e56ec5f67374,5ab89e0dc1cb611355030e24,51456.0
5ab6051c5e27e56ec5f67374,5ab26f3dc1cb61378a86b9d1,16658.0
5ab6051c5e27e56ec5f67374,5ab80e505e27e54c98ae3da5,31741.0
5ab6051c5e27e56ec5f67374,5ab462a15e27e565e8466695,9269.0
5ab6051c5e27e56ec5f67374,5ab213705e27e5186df19025,19003.0
5ab6051c5e27e56ec5f67374,5c3efc205e27e53fb0c06dab,55891.0
5ab6051c5e27e56ec5f67374,5adedf3f5e27e51c0e794115,24270.0
5ab6051c5e27e56ec5f67374,5abde34ac1cb6132bc75d1e8,33291.0
5ab6051c5e27e56ec5f67374,5adeda845e27e51c0e793fe7,21587.0
5ab6051c5e27e56ec5f67374,5ad1cf955e27e54ba6c14d7e,7961.0
5ab35bd4c1cb61378a86dc04,5abb4383c1cb613f676fd61a,27829.0
5ab35bd4c1cb61378a86dc04,5ab6ac60c1cb6105684ae38a,25841.0
5ab35bd4c1cb61378a86dc04,5ab9e3dc5e27e54c98ae5fa0,30752.0
5ab35bd4c1cb61378a86dc04,5abb40045e27e519fee76259,29101.0
5ab35bd4c1cb61378a86dc04,5ab27513c1cb61378a86ba3b,17239.0
5ab35bd4c1cb61378a86dc04,5ab30a66c1cb61378a86c0e7,16054.0
5ab35bd4c1cb61378a86dc04,5ab5cd63c1cb617b04d57384,7196.0
5ab35bd4c1cb61378a86dc04,5aba96ee5e27e54c98ae6271,28844.0
5ab35bd4c1cb61378a86dc04,5ab6ab0fc1cb6105684ae378,18866.0
5ab35bd4c1cb61378a86dc04,5ab586fac1cb617b04d571e7,23913.0
5ab35bd4c1cb61378a86dc04,5ab9da18c1cb611355031f8f,31591.0
5ab35bd4c1cb61378a86dc04,5ab22c855e27e5186df199c5,20551.0
5ab35bd4c1cb61378a86dc04,5ab853ffc1cb611355030410,5722.0
5ab35bd4c1cb61378a86dc04,5ab6d13cc1cb6105684ae574,21756.0
5ab35bd4c1cb61378a86dc04,5abaedf75e27e54c98ae6649,8225.0
5ab35bd4c1cb61378a86dc04,5abadb2a5e27e54c98ae64f0,44326.0
5ab35bd4c1cb61378a86dc04,5abab3ab5e27e54c98ae637b,27419.0
5ab35bd4c1cb61378a86dc04,5aaf9f97c1cb611ae59db94f,18986.0
5ab35bd4c1cb61378a86dc04,5ab31906c1cb61378a86c58c,7231.0
5ab35bd4c1cb61378a86dc04,5ab6f34c5e27e5602b7fd6b4,23405.0
5ab35bd4c1cb61378a86dc04,5ab6051c5e27e56ec5f67374,2251.0
5ab35bd4c1cb61378a86dc04,5abae8265e27e54c98ae65c5,47649.0
5ab35bd4c1cb61378a86dc04,5ab94af85e27e54c98ae576e,26956.0
5ab35bd4c1cb61378a86dc04,5aacfc085e27e57d07dc7c6e,15355.0
5ab35bd4c1cb61378a86dc04,5ab89e0dc1cb611355030e24,51247.0
5ab35bd4c1cb61378a86dc04,5ab26f3dc1cb61378a86b9d1,17719.0
5ab35bd4c1cb61378a86dc04,5ab80e505e27e54c98ae3da5,33776.0
5ab35bd4c1cb61378a86dc04,5ab462a15e27e565e8466695,9060.0
5ab35bd4c1cb61378a86dc04,5ab213705e27e5186df19025,18794.0
5ab35bd4c1cb61378a86dc04,5c3efc205e27e53fb0c06dab,57926.0
5ab35bd4c1cb61378a86dc04,5adedf3f5e27e51c0e794115,22547.0
5ab35bd4c1cb61378a86dc04,5abde34ac1cb6132bc75d1e8,33685.0
5ab35bd4c1cb61378a86dc04,5adeda845e27e51c0e793fe7,19864.0
5ab35bd4c1cb61378a86dc04,5ad1cf955e27e54ba6c14d7e,9296.0
5abae8265e27e54c98ae65c5,5abb4383c1cb613f676fd61a,76395.0
5abae8265e27e54c98ae65c5,5ab6ac60c1cb6105684ae38a,66536.0
5abae8265e27e54c98ae65c5,5ab9e3dc5e27e54c98ae5fa0,63030.0
5abae8265e27e54c98ae65c5,5abb40045e27e519fee76259,79338.0
5abae8265e27e54c98ae65c5,5ab27513c1cb61378a86ba3b,65380.0
5abae8265e27e54c98ae65c5,5ab30a66c1cb61378a86c0e7,44824.0
5abae8265e27e54c98ae65c5,5ab5cd63c1cb617b04d57384,43674.0
5abae8265e27e54c98ae65c5,5aba96ee5e27e54c98ae6271,71883.0
5abae8265e27e54c98ae65c5,5ab6ab0fc1cb6105684ae378,59561.0
5abae8265e27e54c98ae65c5,5ab586fac1cb617b04d571e7,64608.0
5abae8265e27e54c98ae65c5,5ab9da18c1cb611355031f8f,57290.0
5abae8265e27e54c98ae65c5,5ab22c855e27e5186df199c5,69132.0
5abae8265e27e54c98ae65c5,5ab853ffc1cb611355030410,45104.0
5abae8265e27e54c98ae65c5,5ab6d13cc1cb6105684ae574,62451.0
5abae8265e27e54c98ae65c5,5abaedf75e27e54c98ae6649,57155.0
5abae8265e27e54c98ae65c5,5abadb2a5e27e54c98ae64f0,8354.0
5abae8265e27e54c98ae65c5,5abab3ab5e27e54c98ae637b,68114.0
5abae8265e27e54c98ae65c5,5aaf9f97c1cb611ae59db94f,67567.0
5abae8265e27e54c98ae65c5,5ab31906c1cb61378a86c58c,44086.0
5abae8265e27e54c98ae65c5,5ab6f34c5e27e5602b7fd6b4,64100.0
5abae8265e27e54c98ae65c5,5ab6051c5e27e56ec5f67374,49237.0
5abae8265e27e54c98ae65c5,5ab35bd4c1cb61378a86dc04,50450.0
5abae8265e27e54c98ae65c5,5ab94af85e27e54c98ae576e,67651.0
5abae8265e27e54c98ae65c5,5aacfc085e27e57d07dc7c6e,63921.0
5abae8265e27e54c98ae65c5,5ab89e0dc1cb611355030e24,15527.0
5abae8265e27e54c98ae65c5,5ab26f3dc1cb61378a86b9d1,64988.0
5abae8265e27e54c98ae65c5,5ab80e505e27e54c98ae3da5,74471.0
5abae8265e27e54c98ae65c5,5ab462a15e27e565e8466695,42009.0
5abae8265e27e54c98ae65c5,5ab213705e27e5186df19025,31314.0
5abae8265e27e54c98ae65c5,5c3efc205e27e53fb0c06dab,98621.0
5abae8265e27e54c98ae65c5,5adedf3f5e27e51c0e794115,71113.0
5abae8265e27e54c98ae65c5,5abde34ac1cb6132bc75d1e8,45919.0
5abae8265e27e54c98ae65c5,5adeda845e27e51c0e793fe7,68430.0
5abae8265e27e54c98ae65c5,5ad1cf955e27e54ba6c14d7e,46141.0
5aacfc085e27e57d07dc7c6e,5abb4383c1cb613f676fd61a,14278.0
5aacfc085e27e57d07dc7c6e,5ab6ac60c1cb6105684ae38a,26426.0
5aacfc085e27e57d07dc7c6e,5ab9e3dc5e27e54c98ae5fa0,35532.0
5aacfc085e27e57d07dc7c6e,5abb40045e27e519fee76259,15555.0
5aacfc085e27e57d07dc7c6e,5ab27513c1cb61378a86ba3b,4012.0
5aacfc085e27e57d07dc7c6e,5ab30a66c1cb61378a86c0e7,30775.0
5aacfc085e27e57d07dc7c6e,5ab5cd63c1cb617b04d57384,21277.0
5aacfc085e27e57d07dc7c6e,5aba96ee5e27e54c98ae6271,21098.0
5aacfc085e27e57d07dc7c6e,5ab6ab0fc1cb6105684ae378,25275.0
5aacfc085e27e57d07dc7c6e,5ab586fac1cb617b04d571e7,21200.0
5aacfc085e27e57d07dc7c6e,5ab9da18c1cb611355031f8f,41097.0
5aacfc085e27e57d07dc7c6e,5ab22c855e27e5186df199c5,9922.0
5aacfc085e27e57d07dc7c6e,5ab853ffc1cb611355030410,20536.0
5aacfc085e27e57d07dc7c6e,5ab6d13cc1cb6105684ae574,25978.0
5aacfc085e27e57d07dc7c6e,5abaedf75e27e54c98ae6649,10841.0
5aacfc085e27e57d07dc7c6e,5abadb2a5e27e54c98ae64f0,58407.0
5aacfc085e27e57d07dc7c6e,5abab3ab5e27e54c98ae637b,26626.0
5aacfc085e27e57d07dc7c6e,5aaf9f97c1cb611ae59db94f,5588.0
5aacfc085e27e57d07dc7c6e,5ab31906c1cb61378a86c58c,21270.0
5aacfc085e27e57d07dc7c6e,5ab6f34c5e27e5602b7fd6b4,22789.0
5aacfc085e27e57d07dc7c6e,5ab6051c5e27e56ec5f67374,16972.0
5aacfc085e27e57d07dc7c6e,5ab35bd4c1cb61378a86dc04,14849.0
5aacfc085e27e57d07dc7c6e,5abae8265e27e54c98ae65c5,61730.0
5aacfc085e27e57d07dc7c6e,5ab94af85e27e54c98ae576e,27694.0
5aacfc085e27e57d07dc7c6e,5ab89e0dc1cb611355030e24,65328.0
5aacfc085e27e57d07dc7c6e,5ab26f3dc1cb61378a86b9d1,14847.0
5aacfc085e27e57d07dc7c6e,5ab80e505e27e54c98ae3da5,28870.0
5aacfc085e27e57d07dc7c6e,5ab462a15e27e565e8466695,23282.0
5aacfc085e27e57d07dc7c6e,5ab213705e27e5186df19025,32875.0
5aacfc085e27e57d07dc7c6e,5c3efc205e27e53fb0c06dab,47732.0
5aacfc085e27e57d07dc7c6e,5adedf3f5e27e51c0e794115,8996.0
5aacfc085e27e57d07dc7c6e,5abde34ac1cb6132bc75d1e8,48406.0
5aacfc085e27e57d07dc7c6e,5adeda845e27e51c0e793fe7,5237.0
5aacfc085e27e57d07dc7c6e,5ad1cf955e27e54ba6c14d7e,23096.0
5ab94af85e27e54c98ae576e,5abb4383c1cb613f676fd61a,23533.0
5ab94af85e27e54c98ae576e,5ab6ac60c1cb6105684ae38a,1833.0
5ab94af85e27e54c98ae576e,5ab9e3dc5e27e54c98ae5fa0,8854.0
5ab94af85e27e54c98ae576e,5abb40045e27e519fee76259,20139.0
5ab94af85e27e54c98ae576e,5ab27513c1cb61378a86ba3b,31128.0
5ab94af85e27e54c98ae576e,5ab30a66c1cb61378a86c0e7,25555.0
5ab94af85e27e54c98ae576e,5ab5cd63c1cb617b04d57384,27361.0
5ab94af85e27e54c98ae576e,5aba96ee5e27e54c98ae6271,7514.0
5ab94af85e27e54c98ae576e,5ab6ab0fc1cb6105684ae378,9554.0
5ab94af85e27e54c98ae576e,5ab586fac1cb617b04d571e7,11473.0
5ab94af85e27e54c98ae576e,5ab9da18c1cb611355031f8f,20025.0
5ab94af85e27e54c98ae576e,5ab22c855e27e5186df199c5,18905.0
5ab94af85e27e54c98ae576e,5ab853ffc1cb611355030410,25324.0
5ab94af85e27e54c98ae576e,5ab6d13cc1cb6105684ae574,9518.0
5ab94af85e27e54c98ae576e,5abaedf75e27e54c98ae6649,30341.0
5ab94af85e27e54c98ae576e,5abadb2a5e27e54c98ae64f0,63352.0
5ab94af85e27e54c98ae576e,5abab3ab5e27e54c98ae637b,2887.0
5ab94af85e27e54c98ae576e,5aaf9f97c1cb611ae59db94f,23942.0
5ab94af85e27e54c98ae576e,5ab31906c1cb61378a86c58c,26887.0
5ab94af85e27e54c98ae576e,5ab6f34c5e27e5602b7fd6b4,9747.0
5ab94af85e27e54c98ae576e,5ab6051c5e27e56ec5f67374,25333.0
5ab94af85e27e54c98ae576e,5ab35bd4c1cb61378a86dc04,28085.0
5ab94af85e27e54c98ae576e,5abae8265e27e54c98ae65c5,66675.0
5ab94af85e27e54c98ae576e,5aacfc085e27e57d07dc7c6e,28165.0
5ab94af85e27e54c98ae576e,5ab89e0dc1cb611355030e24,70273.0
5ab94af85e27e54c98ae576e,5ab26f3dc1cb61378a86b9d1,14134.0
5ab94af85e27e54c98ae576e,5ab80e505e27e54c98ae3da5,7150.0
5ab94af85e27e54c98ae576e,5ab462a15e27e565e8466695,27230.0
5ab94af85e27e54c98ae576e,5ab213705e27e5186df19025,38164.0
5ab94af85e27e54c98ae576e,5c3efc205e27e53fb0c06dab,31300.0
5ab94af85e27e54c98ae576e,5adedf3f5e27e51c0e794115,21728.0
5ab94af85e27e54c98ae576e,5abde34ac1cb6132bc75d1e8,34596.0
5ab94af85e27e54c98ae576e,5adeda845e27e51c0e793fe7,26145.0
5ab94af85e27e54c98ae576e,5ad1cf955e27e54ba6c14d7e,23789.0
5ab89e0dc1cb611355030e24,5abb4383c1cb613f676fd61a,77976.0
5ab89e0dc1cb611355030e24,5ab6ac60c1cb6105684ae38a,68848.0
5ab89e0dc1cb611355030e24,5ab9e3dc5e27e54c98ae5fa0,64109.0
5ab89e0dc1cb611355030e24,5abb40045e27e519fee76259,80919.0
5ab89e0dc1cb611355030e24,5ab27513c1cb61378a86ba3b,66961.0
5ab89e0dc1cb611355030e24,5ab30a66c1cb61378a86c0e7,47136.0
5ab89e0dc1cb611355030e24,5ab5cd63c1cb617b04d57384,45255.0
5ab89e0dc1cb611355030e24,5aba96ee5e27e54c98ae6271,74195.0
5ab89e0dc1cb611355030e24,5ab6ab0fc1cb6105684ae378,61873.0
5ab89e0dc1cb611355030e24,5ab586fac1cb617b04d571e7,66920.0
5ab89e0dc1cb611355030e24,5ab9da18c1cb611355031f8f,57125.0
5ab89e0dc1cb611355030e24,5ab22c855e27e5186df199c5,70713.0
5ab89e0dc1cb611355030e24,5ab853ffc1cb611355030410,46685.0
5ab89e0dc1cb611355030e24,5ab6d13cc1cb6105684ae574,64763.0
5ab89e0dc1cb611355030e24,5abaedf75e27e54c98ae6649,58736.0
5ab89e0dc1cb611355030e24,5abadb2a5e27e54c98ae64f0,14073.0
5ab89e0dc1cb611355030e24,5abab3ab5e27e54c98ae637b,70426.0
5ab89e0dc1cb611355030e24,5aaf9f97c1cb611ae59db94f,69148.0
5ab89e0dc1cb611355030e24,5ab31906c1cb61378a86c58c,45667.0
5ab89e0dc1cb611355030e24,5ab6f34c5e27e5602b7fd6b4,66412.0
5ab89e0dc1cb611355030e24,5ab6051c5e27e56ec5f67374,50818.0
5ab89e0dc1cb611355030e24,5ab35bd4c1cb61378a86dc04,52031.0
5ab89e0dc1cb611355030e24,5abae8265e27e54c98ae65c5,12239.0
5ab89e0dc1cb611355030e24,5ab94af85e27e54c98ae576e,69963.0
5ab89e0dc1cb611355030e24,5aacfc085e27e57d07dc7c6e,65502.0
5ab89e0dc1cb611355030e24,5ab26f3dc1cb61378a86b9d1,66569.0
5ab89e0dc1cb611355030e24,5ab80e505e27e54c98ae3da5,76783.0
5ab89e0dc1cb611355030e24,5ab462a15e27e565e8466695,43590.0
5ab89e0dc1cb611355030e24,5ab213705e27e5186df19025,32895.0
5ab89e0dc1cb611355030e24,5c3efc205e27e53fb0c06dab,100933.0
5ab89e0dc1cb611355030e24,5adedf3f5e27e51c0e794115,72694.0
5ab89e0dc1cb611355030e24,5abde34ac1cb6132bc75d1e8,45754.0
5ab89e0dc1cb611355030e24,5adeda845e27e51c0e793fe7,70011.0
5ab89e0dc1cb611355030e24,5ad1cf955e27e54ba6c14d7e,47722.0
5ab26f3dc1cb61378a86b9d1,5abb4383c1cb613f676fd61a,14551.0
5ab26f3dc1cb61378a86b9d1,5ab6ac60c1cb6105684ae38a,12788.0
5ab26f3dc1cb61378a86b9d1,5ab9e3dc5e27e54c98ae5fa0,21894.0
5ab26f3dc1cb61378a86b9d1,5abb40045e27e519fee76259,15278.0
5ab26f3dc1cb61378a86b9d1,5ab27513c1cb61378a86ba3b,18726.0
5ab26f3dc1cb61378a86b9d1,5ab30a66c1cb61378a86c0e7,26814.0
5ab26f3dc1cb61378a86b9d1,5ab5cd63c1cb617b04d57384,22529.0
5ab26f3dc1cb61378a86b9d1,5aba96ee5e27e54c98ae6271,11458.0
5ab26f3dc1cb61378a86b9d1,5ab6ab0fc1cb6105684ae378,11637.0
5ab26f3dc1cb61378a86b9d1,5ab586fac1cb617b04d571e7,7562.0
5ab26f3dc1cb61378a86b9d1,5ab9da18c1cb611355031f8f,27459.0
5ab26f3dc1cb61378a86b9d1,5ab22c855e27e5186df199c5,5968.0
5ab26f3dc1cb61378a86b9d1,5ab853ffc1cb611355030410,20492.0
5ab26f3dc1cb61378a86b9d1,5ab6d13cc1cb6105684ae574,12340.0
5ab26f3dc1cb61378a86b9d1,5abaedf75e27e54c98ae6649,18214.0
5ab26f3dc1cb61378a86b9d1,5abadb2a5e27e54c98ae64f0,59465.0
5ab26f3dc1cb61378a86b9d1,5abab3ab5e27e54c98ae637b,12644.0
5ab26f3dc1cb61378a86b9d1,5aaf9f97c1cb611ae59db94f,11005.0
5ab26f3dc1cb61378a86b9d1,5ab31906c1cb61378a86c58c,22392.0
5ab26f3dc1cb61378a86b9d1,5ab6f34c5e27e5602b7fd6b4,9151.0
5ab26f3dc1cb61378a86b9d1,5ab6051c5e27e56ec5f67374,16643.0
5ab26f3dc1cb61378a86b9d1,5ab35bd4c1cb61378a86dc04,17897.0
5ab26f3dc1cb61378a86b9d1,5abae8265e27e54c98ae65c5,62786.0
5ab26f3dc1cb61378a86b9d1,5ab94af85e27e54c98ae576e,14056.0
5ab26f3dc1cb61378a86b9d1,5aacfc085e27e57d07dc7c6e,15036.0
5ab26f3dc1cb61378a86b9d1,5ab89e0dc1cb611355030e24,66386.0
5ab26f3dc1cb61378a86b9d1,5ab80e505e27e54c98ae3da5,19077.0
5ab26f3dc1cb61378a86b9d1,5ab462a15e27e565e8466695,22735.0
5ab26f3dc1cb61378a86b9d1,5ab213705e27e5186df19025,33669.0
5ab26f3dc1cb61378a86b9d1,5c3efc205e27e53fb0c06dab,43227.0
5ab26f3dc1cb61378a86b9d1,5adedf3f5e27e51c0e794115,9943.0
5ab26f3dc1cb61378a86b9d1,5abde34ac1cb6132bc75d1e8,38076.0
5ab26f3dc1cb61378a86b9d1,5adeda845e27e51c0e793fe7,14314.0
5ab26f3dc1cb61378a86b9d1,5ad1cf955e27e54ba6c14d7e,19378.0
5ab213705e27e5186df19025,5ab6ac60c1cb6105684ae38a,36689.0
5ab213705e27e5186df19025,5ab9e3dc5e27e54c98ae5fa0,35938.0
5ab213705e27e5186df19025,5abb40045e27e519fee76259,46783.0
5ab213705e27e5186df19025,5ab27513c1cb61378a86ba3b,34496.0
5ab213705e27e5186df19025,5ab30a66c1cb61378a86c0e7,17732.0
5ab213705e27e5186df19025,5ab5cd63c1cb617b04d57384,12790.0
5ab213705e27e5186df19025,5aba96ee5e27e54c98ae6271,42036.0
5ab213705e27e5186df19025,5ab6ab0fc1cb6105684ae378,29714.0
5ab213705e27e5186df19025,5ab586fac1cb617b04d571e7,34761.0
5ab213705e27e5186df19025,5ab9da18c1cb611355031f8f,34641.0
5ab213705e27e5186df19025,5ab22c855e27e5186df199c5,38248.0
5ab213705e27e5186df19025,5ab853ffc1cb611355030410,14220.0
5ab213705e27e5186df19025,5ab6d13cc1cb6105684ae574,32604.0
5ab213705e27e5186df19025,5abaedf75e27e54c98ae6649,26271.0
5ab213705e27e5186df19025,5abadb2a5e27e54c98ae64f0,25962.0
5ab213705e27e5186df19025,5abab3ab5e27e54c98ae637b,38267.0
5ab213705e27e5186df19025,5aaf9f97c1cb611ae59db94f,36683.0
5ab213705e27e5186df19025,5ab31906c1cb61378a86c58c,13202.0
5ab213705e27e5186df19025,5ab6f34c5e27e5602b7fd6b4,34253.0
5ab213705e27e5186df19025,5ab6051c5e27e56ec5f67374,18353.0
5ab213705e27e5186df19025,5ab35bd4c1cb61378a86dc04,19566.0
5ab213705e27e5186df19025,5abae8265e27e54c98ae65c5,29283.0
5ab213705e27e5186df19025,5ab94af85e27e54c98ae576e,37804.0
5ab213705e27e5186df19025,5aacfc085e27e57d07dc7c6e,33037.0
5ab213705e27e5186df19025,5ab89e0dc1cb611355030e24,32883.0
5ab213705e27e5186df19025,5ab26f3dc1cb61378a86b9d1,33823.0
5ab213705e27e5186df19025,5ab80e505e27e54c98ae3da5,44624.0
5ab213705e27e5186df19025,5ab462a15e27e565e8466695,11125.0
5ab213705e27e5186df19025,5c3efc205e27e53fb0c06dab,68774.0
5ab213705e27e5186df19025,5adedf3f5e27e51c0e794115,40229.0
5ab213705e27e5186df19025,5abde34ac1cb6132bc75d1e8,29750.0
5ab213705e27e5186df19025,5adeda845e27e51c0e793fe7,37546.0
5ab213705e27e5186df19025,5ad1cf955e27e54ba6c14d7e,15521.0
5ab80e505e27e54c98ae3da5,5abb4383c1cb613f676fd61a,25238.0
5ab80e505e27e54c98ae3da5,5ab6ac60c1cb6105684ae38a,8227.0
5ab80e505e27e54c98ae3da5,5ab9e3dc5e27e54c98ae5fa0,15931.0
5ab80e505e27e54c98ae3da5,5abb40045e27e519fee76259,20770.0
5ab80e505e27e54c98ae3da5,5ab27513c1cb61378a86ba3b,32833.0
5ab80e505e27e54c98ae3da5,5ab30a66c1cb61378a86c0e7,31949.0
5ab80e505e27e54c98ae3da5,5ab5cd63c1cb617b04d57384,33755.0
5ab80e505e27e54c98ae3da5,5aba96ee5e27e54c98ae6271,9435.0
5ab80e505e27e54c98ae3da5,5ab6ab0fc1cb6105684ae378,15948.0
5ab80e505e27e54c98ae3da5,5ab586fac1cb617b04d571e7,16919.0
5ab80e505e27e54c98ae3da5,5ab9da18c1cb611355031f8f,27102.0
5ab80e505e27e54c98ae3da5,5ab22c855e27e5186df199c5,21306.0
5ab80e505e27e54c98ae3da5,5ab853ffc1cb611355030410,31718.0
5ab80e505e27e54c98ae3da5,5ab6d13cc1cb6105684ae574,15912.0
5ab80e505e27e54c98ae3da5,5abaedf75e27e54c98ae6649,35974.0
5ab80e505e27e54c98ae3da5,5abadb2a5e27e54c98ae64f0,69746.0
5ab80e505e27e54c98ae3da5,5abab3ab5e27e54c98ae637b,7822.0
5ab80e505e27e54c98ae3da5,5aaf9f97c1cb611ae59db94f,26280.0
5ab80e505e27e54c98ae3da5,5ab31906c1cb61378a86c58c,33281.0
5ab80e505e27e54c98ae3da5,5ab6f34c5e27e5602b7fd6b4,16141.0
5ab80e505e27e54c98ae3da5,5ab6051c5e27e56ec5f67374,31727.0
5ab80e505e27e54c98ae3da5,5ab35bd4c1cb61378a86dc04,34479.0
5ab80e505e27e54c98ae3da5,5abae8265e27e54c98ae65c5,73067.0
5ab80e505e27e54c98ae3da5,5ab94af85e27e54c98ae576e,7418.0
5ab80e505e27e54c98ae3da5,5aacfc085e27e57d07dc7c6e,29870.0
5ab80e505e27e54c98ae3da5,5ab89e0dc1cb611355030e24,76667.0
5ab80e505e27e54c98ae3da5,5ab26f3dc1cb61378a86b9d1,19253.0
5ab80e505e27e54c98ae3da5,5ab462a15e27e565e8466695,33624.0
5ab80e505e27e54c98ae3da5,5ab213705e27e5186df19025,44558.0
5ab80e505e27e54c98ae3da5,5c3efc205e27e53fb0c06dab,25335.0
5ab80e505e27e54c98ae3da5,5adedf3f5e27e51c0e794115,23433.0
5ab80e505e27e54c98ae3da5,5abde34ac1cb6132bc75d1e8,41673.0
5ab80e505e27e54c98ae3da5,5adeda845e27e51c0e793fe7,27850.0
5ab80e505e27e54c98ae3da5,5ad1cf955e27e54ba6c14d7e,30183.0
5ab462a15e27e565e8466695,5abb4383c1cb613f676fd61a,37331.0
5ab462a15e27e565e8466695,5ab6ac60c1cb6105684ae38a,25722.0
5ab462a15e27e565e8466695,5ab9e3dc5e27e54c98ae5fa0,28476.0
5ab462a15e27e565e8466695,5abb40045e27e519fee76259,37122.0
5ab462a15e27e565e8466695,5ab27513c1cb61378a86ba3b,25157.0
5ab462a15e27e565e8466695,5ab30a66c1cb61378a86c0e7,11642.0
5ab462a15e27e565e8466695,5ab5cd63c1cb617b04d57384,2465.0
5ab462a15e27e565e8466695,5aba96ee5e27e54c98ae6271,31069.0
5ab462a15e27e565e8466695,5ab6ab0fc1cb6105684ae378,18747.0
5ab462a15e27e565e8466695,5ab586fac1cb617b04d571e7,23794.0
5ab462a15e27e565e8466695,5ab9da18c1cb611355031f8f,27179.0
5ab462a15e27e565e8466695,5ab22c855e27e5186df199c5,28491.0
5ab462a15e27e565e8466695,5ab853ffc1cb611355030410,3770.0
5ab462a15e27e565e8466695,5ab6d13cc1cb6105684ae574,21637.0
5ab462a15e27e565e8466695,5abaedf75e27e54c98ae6649,16303.0
5ab462a15e27e565e8466695,5abadb2a5e27e54c98ae64f0,36624.0
5ab462a15e27e565e8466695,5abab3ab5e27e54c98ae637b,27300.0
5ab462a15e27e565e8466695,5aaf9f97c1cb611ae59db94f,27344.0
5ab462a15e27e565e8466695,5ab31906c1cb61378a86c58c,2826.0
5ab462a15e27e565e8466695,5ab6f34c5e27e5602b7fd6b4,23286.0
5ab462a15e27e565e8466695,5ab6051c5e27e56ec5f67374,8751.0
5ab462a15e27e565e8466695,5ab35bd4c1cb61378a86dc04,9994.0
5ab462a15e27e565e8466695,5abae8265e27e54c98ae65c5,39945.0
5ab462a15e27e565e8466695,5ab94af85e27e54c98ae576e,26837.0
5ab462a15e27e565e8466695,5aacfc085e27e57d07dc7c6e,23738.0
5ab462a15e27e565e8466695,5ab89e0dc1cb611355030e24,43545.0
5ab462a15e27e565e8466695,5ab26f3dc1cb61378a86b9d1,22856.0
5ab462a15e27e565e8466695,5ab80e505e27e54c98ae3da5,33657.0
5ab462a15e27e565e8466695,5ab213705e27e5186df19025,11092.0
5ab462a15e27e565e8466695,5c3efc205e27e53fb0c06dab,57807.0
5ab462a15e27e565e8466695,5adedf3f5e27e51c0e794115,30930.0
5ab462a15e27e565e8466695,5abde34ac1cb6132bc75d1e8,29273.0
5ab462a15e27e565e8466695,5adeda845e27e51c0e793fe7,28247.0
5ab462a15e27e565e8466695,5ad1cf955e27e54ba6c14d7e,5319.0
5ab213705e27e5186df19025,5abb4383c1cb613f676fd61a,45511.0
5c3efc205e27e53fb0c06dab,5abb4383c1cb613f676fd61a,41884.0
5c3efc205e27e53fb0c06dab,5ab6ac60c1cb6105684ae38a,32356.0
5c3efc205e27e53fb0c06dab,5ab9e3dc5e27e54c98ae5fa0,40060.0
5c3efc205e27e53fb0c06dab,5abb40045e27e519fee76259,37081.0
5c3efc205e27e53fb0c06dab,5ab27513c1cb61378a86ba3b,51754.0
5c3efc205e27e53fb0c06dab,5ab30a66c1cb61378a86c0e7,56078.0
5c3efc205e27e53fb0c06dab,5ab5cd63c1cb617b04d57384,57884.0
5c3efc205e27e53fb0c06dab,5aba96ee5e27e54c98ae6271,32183.0
5c3efc205e27e53fb0c06dab,5ab6ab0fc1cb6105684ae378,40077.0
5c3efc205e27e53fb0c06dab,5ab586fac1cb617b04d571e7,40897.0
5c3efc205e27e53fb0c06dab,5ab9da18c1cb611355031f8f,51231.0
5c3efc205e27e53fb0c06dab,5ab22c855e27e5186df199c5,38590.0
5c3efc205e27e53fb0c06dab,5ab853ffc1cb611355030410,55847.0
5c3efc205e27e53fb0c06dab,5ab6d13cc1cb6105684ae574,40041.0
5c3efc205e27e53fb0c06dab,5abaedf75e27e54c98ae6649,53258.0
5c3efc205e27e53fb0c06dab,5abadb2a5e27e54c98ae64f0,93875.0
5c3efc205e27e53fb0c06dab,5abab3ab5e27e54c98ae637b,32071.0
5c3efc205e27e53fb0c06dab,5aaf9f97c1cb611ae59db94f,43650.0
5c3efc205e27e53fb0c06dab,5ab31906c1cb61378a86c58c,57410.0
5c3efc205e27e53fb0c06dab,5ab6f34c5e27e5602b7fd6b4,40270.0
5c3efc205e27e53fb0c06dab,5ab6051c5e27e56ec5f67374,55856.0
5c3efc205e27e53fb0c06dab,5ab35bd4c1cb61378a86dc04,58608.0
5c3efc205e27e53fb0c06dab,5abae8265e27e54c98ae65c5,97196.0
5c3efc205e27e53fb0c06dab,5ab94af85e27e54c98ae576e,31547.0
5c3efc205e27e53fb0c06dab,5aacfc085e27e57d07dc7c6e,47681.0
5c3efc205e27e53fb0c06dab,5ab89e0dc1cb611355030e24,100796.0
5c3efc205e27e53fb0c06dab,5ab26f3dc1cb61378a86b9d1,42644.0
5c3efc205e27e53fb0c06dab,5ab80e505e27e54c98ae3da5,26972.0
5c3efc205e27e53fb0c06dab,5ab462a15e27e565e8466695,57753.0
5c3efc205e27e53fb0c06dab,5ab213705e27e5186df19025,68687.0
5c3efc205e27e53fb0c06dab,5adedf3f5e27e51c0e794115,42354.0
5c3efc205e27e53fb0c06dab,5abde34ac1cb6132bc75d1e8,64499.0
5c3efc205e27e53fb0c06dab,5adeda845e27e51c0e793fe7,46771.0
5c3efc205e27e53fb0c06dab,5ad1cf955e27e54ba6c14d7e,54312.0
5adedf3f5e27e51c0e794115,5abb4383c1cb613f676fd61a,6560.0
5adedf3f5e27e51c0e794115,5ab6ac60c1cb6105684ae38a,20965.0
5adedf3f5e27e51c0e794115,5ab9e3dc5e27e54c98ae5fa0,29694.0
5adedf3f5e27e51c0e794115,5abb40045e27e519fee76259,7885.0
5adedf3f5e27e51c0e794115,5ab27513c1cb61378a86ba3b,11760.0
5adedf3f5e27e51c0e794115,5ab30a66c1cb61378a86c0e7,36899.0
5adedf3f5e27e51c0e794115,5ab5cd63c1cb617b04d57384,28544.0
5adedf3f5e27e51c0e794115,5aba96ee5e27e54c98ae6271,14683.0
5adedf3f5e27e51c0e794115,5ab6ab0fc1cb6105684ae378,20167.0
5adedf3f5e27e51c0e794115,5ab586fac1cb617b04d571e7,16092.0
5adedf3f5e27e51c0e794115,5ab9da18c1cb611355031f8f,35989.0
5adedf3f5e27e51c0e794115,5ab22c855e27e5186df199c5,5656.0
5adedf3f5e27e51c0e794115,5ab853ffc1cb611355030410,27803.0
5adedf3f5e27e51c0e794115,5ab6d13cc1cb6105684ae574,20870.0
5adedf3f5e27e51c0e794115,5abaedf75e27e54c98ae6649,17989.0
5adedf3f5e27e51c0e794115,5abadb2a5e27e54c98ae64f0,65674.0
5adedf3f5e27e51c0e794115,5abab3ab5e27e54c98ae637b,20097.0
5adedf3f5e27e51c0e794115,5aaf9f97c1cb611ae59db94f,5655.0
5adedf3f5e27e51c0e794115,5ab31906c1cb61378a86c58c,28537.0
5adedf3f5e27e51c0e794115,5ab6f34c5e27e5602b7fd6b4,17681.0
5adedf3f5e27e51c0e794115,5ab6051c5e27e56ec5f67374,24239.0
5adedf3f5e27e51c0e794115,5ab35bd4c1cb61378a86dc04,22116.0
5adedf3f5e27e51c0e794115,5abae8265e27e54c98ae65c5,68995.0
5adedf3f5e27e51c0e794115,5ab94af85e27e54c98ae576e,21582.0
5adedf3f5e27e51c0e794115,5aacfc085e27e57d07dc7c6e,9068.0
5adedf3f5e27e51c0e794115,5ab89e0dc1cb611355030e24,72595.0
5adedf3f5e27e51c0e794115,5ab26f3dc1cb61378a86b9d1,9739.0
5adedf3f5e27e51c0e794115,5ab80e505e27e54c98ae3da5,21992.0
5adedf3f5e27e51c0e794115,5ab462a15e27e565e8466695,30802.0
5adedf3f5e27e51c0e794115,5ab213705e27e5186df19025,40142.0
5adedf3f5e27e51c0e794115,5c3efc205e27e53fb0c06dab,42067.0
5adedf3f5e27e51c0e794115,5abde34ac1cb6132bc75d1e8,46606.0
5adedf3f5e27e51c0e794115,5adeda845e27e51c0e793fe7,7048.0
5adedf3f5e27e51c0e794115,5ad1cf955e27e54ba6c14d7e,29116.0
5abde34ac1cb6132bc75d1e8,5abb4383c1cb613f676fd61a,50870.0
5abde34ac1cb6132bc75d1e8,5ab6ac60c1cb6105684ae38a,33815.0
5abde34ac1cb6132bc75d1e8,5ab9e3dc5e27e54c98ae5fa0,26014.0
5abde34ac1cb6132bc75d1e8,5abb40045e27e519fee76259,50738.0
5abde34ac1cb6132bc75d1e8,5ab27513c1cb61378a86ba3b,50466.0
5abde34ac1cb6132bc75d1e8,5ab30a66c1cb61378a86c0e7,21118.0
5abde34ac1cb6132bc75d1e8,5ab5cd63c1cb617b04d57384,30625.0
5abde34ac1cb6132bc75d1e8,5aba96ee5e27e54c98ae6271,39162.0
5abde34ac1cb6132bc75d1e8,5ab6ab0fc1cb6105684ae378,29752.0
5abde34ac1cb6132bc75d1e8,5ab586fac1cb617b04d571e7,31895.0
5abde34ac1cb6132bc75d1e8,5ab9da18c1cb611355031f8f,19030.0
5abde34ac1cb6132bc75d1e8,5ab22c855e27e5186df199c5,42647.0
5abde34ac1cb6132bc75d1e8,5ab853ffc1cb611355030410,29412.0
5abde34ac1cb6132bc75d1e8,5ab6d13cc1cb6105684ae574,29103.0
5abde34ac1cb6132bc75d1e8,5abaedf75e27e54c98ae6649,40021.0
5abde34ac1cb6132bc75d1e8,5abadb2a5e27e54c98ae64f0,39753.0
5abde34ac1cb6132bc75d1e8,5abab3ab5e27e54c98ae637b,35393.0
5abde34ac1cb6132bc75d1e8,5aaf9f97c1cb611ae59db94f,47684.0
5abde34ac1cb6132bc75d1e8,5ab31906c1cb61378a86c58c,30330.0
5abde34ac1cb6132bc75d1e8,5ab6f34c5e27e5602b7fd6b4,31379.0
5abde34ac1cb6132bc75d1e8,5ab6051c5e27e56ec5f67374,32687.0
5abde34ac1cb6132bc75d1e8,5ab35bd4c1cb61378a86dc04,34838.0
5abde34ac1cb6132bc75d1e8,5abae8265e27e54c98ae65c5,43876.0
5abde34ac1cb6132bc75d1e8,5ab94af85e27e54c98ae576e,34891.0
5abde34ac1cb6132bc75d1e8,5aacfc085e27e57d07dc7c6e,48582.0
5abde34ac1cb6132bc75d1e8,5ab89e0dc1cb611355030e24,45754.0
5abde34ac1cb6132bc75d1e8,5ab26f3dc1cb61378a86b9d1,37876.0
5abde34ac1cb6132bc75d1e8,5ab80e505e27e54c98ae3da5,41693.0
5abde34ac1cb6132bc75d1e8,5ab462a15e27e565e8466695,29237.0
5abde34ac1cb6132bc75d1e8,5ab213705e27e5186df19025,34176.0
5abde34ac1cb6132bc75d1e8,5c3efc205e27e53fb0c06dab,64522.0
5abde34ac1cb6132bc75d1e8,5adedf3f5e27e51c0e794115,46622.0
5abde34ac1cb6132bc75d1e8,5adeda845e27e51c0e793fe7,50993.0
5abde34ac1cb6132bc75d1e8,5ad1cf955e27e54ba6c14d7e,26772.0
5adeda845e27e51c0e793fe7,5abb4383c1cb613f676fd61a,11783.0
5adeda845e27e51c0e793fe7,5ab6ac60c1cb6105684ae38a,25418.0
5adeda845e27e51c0e793fe7,5ab9e3dc5e27e54c98ae5fa0,34147.0
5adeda845e27e51c0e793fe7,5abb40045e27e519fee76259,13055.0
5adeda845e27e51c0e793fe7,5ab27513c1cb61378a86ba3b,8229.0
5adeda845e27e51c0e793fe7,5ab30a66c1cb61378a86c0e7,34803.0
5adeda845e27e51c0e793fe7,5ab5cd63c1cb617b04d57384,25282.0
5adeda845e27e51c0e793fe7,5aba96ee5e27e54c98ae6271,19136.0
5adeda845e27e51c0e793fe7,5ab6ab0fc1cb6105684ae378,24038.0
5adeda845e27e51c0e793fe7,5ab586fac1cb617b04d571e7,19963.0
5adeda845e27e51c0e793fe7,5ab9da18c1cb611355031f8f,39860.0
5adeda845e27e51c0e793fe7,5ab22c855e27e5186df199c5,8685.0
5adeda845e27e51c0e793fe7,5ab853ffc1cb611355030410,24541.0
5adeda845e27e51c0e793fe7,5ab6d13cc1cb6105684ae574,24741.0
5adeda845e27e51c0e793fe7,5abaedf75e27e54c98ae6649,14727.0
5adeda845e27e51c0e793fe7,5abadb2a5e27e54c98ae64f0,62412.0
5adeda845e27e51c0e793fe7,5abab3ab5e27e54c98ae637b,24550.0
5adeda845e27e51c0e793fe7,5aaf9f97c1cb611ae59db94f,3882.0
5adeda845e27e51c0e793fe7,5ab31906c1cb61378a86c58c,25275.0
5adeda845e27e51c0e793fe7,5ab6f34c5e27e5602b7fd6b4,21552.0
5adeda845e27e51c0e793fe7,5ab6051c5e27e56ec5f67374,20977.0
5adeda845e27e51c0e793fe7,5ab35bd4c1cb61378a86dc04,18854.0
5adeda845e27e51c0e793fe7,5abae8265e27e54c98ae65c5,65733.0
5adeda845e27e51c0e793fe7,5ab94af85e27e54c98ae576e,26035.0
5adeda845e27e51c0e793fe7,5aacfc085e27e57d07dc7c6e,4763.0
5adeda845e27e51c0e793fe7,5ab89e0dc1cb611355030e24,69333.0
5adeda845e27e51c0e793fe7,5ab26f3dc1cb61378a86b9d1,13610.0
5adeda845e27e51c0e793fe7,5ab80e505e27e54c98ae3da5,26445.0
5adeda845e27e51c0e793fe7,5ab462a15e27e565e8466695,27540.0
5adeda845e27e51c0e793fe7,5ab213705e27e5186df19025,36880.0
5adeda845e27e51c0e793fe7,5c3efc205e27e53fb0c06dab,46520.0
5adeda845e27e51c0e793fe7,5adedf3f5e27e51c0e794115,6501.0
5adeda845e27e51c0e793fe7,5abde34ac1cb6132bc75d1e8,50477.0
5adeda845e27e51c0e793fe7,5ad1cf955e27e54ba6c14d7e,26982.0
5ad1cf955e27e54ba6c14d7e,5abb4383c1cb613f676fd61a,34982.0
5ad1cf955e27e54ba6c14d7e,5ab6ac60c1cb6105684ae38a,23373.0
5ad1cf955e27e54ba6c14d7e,5ab9e3dc5e27e54c98ae5fa0,26363.0
5ad1cf955e27e54ba6c14d7e,5abb40045e27e519fee76259,34773.0
5ad1cf955e27e54ba6c14d7e,5ab27513c1cb61378a86ba3b,27095.0
5ad1cf955e27e54ba6c14d7e,5ab30a66c1cb61378a86c0e7,9529.0
5ad1cf955e27e54ba6c14d7e,5ab5cd63c1cb617b04d57384,8394.0
5ad1cf955e27e54ba6c14d7e,5aba96ee5e27e54c98ae6271,28720.0
5ad1cf955e27e54ba6c14d7e,5ab6ab0fc1cb6105684ae378,16398.0
5ad1cf955e27e54ba6c14d7e,5ab586fac1cb617b04d571e7,21445.0
5ad1cf955e27e54ba6c14d7e,5ab9da18c1cb611355031f8f,25066.0
5ad1cf955e27e54ba6c14d7e,5ab22c855e27e5186df199c5,26058.0
5ad1cf955e27e54ba6c14d7e,5ab853ffc1cb611355030410,7109.0
5ad1cf955e27e54ba6c14d7e,5ab6d13cc1cb6105684ae574,19288.0
5ad1cf955e27e54ba6c14d7e,5abaedf75e27e54c98ae6649,15544.0
5ad1cf955e27e54ba6c14d7e,5abadb2a5e27e54c98ae64f0,41200.0
5ad1cf955e27e54ba6c14d7e,5abab3ab5e27e54c98ae637b,24951.0
5ad1cf955e27e54ba6c14d7e,5aaf9f97c1cb611ae59db94f,27214.0
5ad1cf955e27e54ba6c14d7e,5ab31906c1cb61378a86c58c,8027.0
5ad1cf955e27e54ba6c14d7e,5ab6f34c5e27e5602b7fd6b4,20937.0
5ad1cf955e27e54ba6c14d7e,5ab6051c5e27e56ec5f67374,9168.0
5ad1cf955e27e54ba6c14d7e,5ab35bd4c1cb61378a86dc04,11908.0
5ad1cf955e27e54ba6c14d7e,5abae8265e27e54c98ae65c5,44521.0
5ad1cf955e27e54ba6c14d7e,5ab94af85e27e54c98ae576e,24488.0
5ad1cf955e27e54ba6c14d7e,5aacfc085e27e57d07dc7c6e,24476.0
5ad1cf955e27e54ba6c14d7e,5ab89e0dc1cb611355030e24,48121.0
5ad1cf955e27e54ba6c14d7e,5ab26f3dc1cb61378a86b9d1,20423.0
5ad1cf955e27e54ba6c14d7e,5ab80e505e27e54c98ae3da5,31308.0
5ad1cf955e27e54ba6c14d7e,5ab462a15e27e565e8466695,6934.0
5ad1cf955e27e54ba6c14d7e,5ab213705e27e5186df19025,16804.0
5ad1cf955e27e54ba6c14d7e,5c3efc205e27e53fb0c06dab,55458.0
5ad1cf955e27e54ba6c14d7e,5adedf3f5e27e51c0e794115,30033.0
5ad1cf955e27e54ba6c14d7e,5abde34ac1cb6132bc75d1e8,27160.0
5ad1cf955e27e54ba6c14d7e,5adeda845e27e51c0e793fe7,28522.0
